SRR873382	SRR873383	SRR873384	SRR873385	SRR873386	SRR873387	SRR873388	SRR873389
hsa-let-7a-2-3p	0	0	0	0	0	0	0	0
hsa-let-7a-3p	1169	1111	686	579	783	458	716	622
hsa-let-7a-5p	1703803	1960309	2421508	1283236	1288382	933117	1281695	1384339
hsa-let-7b-3p	208	293	99	121	131	71	127	141
hsa-let-7b-5p	633133	857336	333850	534398	512841	563838	508544	589382
hsa-let-7c-3p	27	60	7	30	20	15	15	14
hsa-let-7c-5p	92245	123080	74554	76163	80495	68687	71216	78378
hsa-let-7d-3p	3020	2738	1424	1415	2725	2213	3138	3390
hsa-let-7d-5p	60950	62390	102444	36686	33878	28812	35321	37878
hsa-let-7e-3p	98	91	80	70	64	54	52	85
hsa-let-7e-5p	112286	110125	164679	81352	71317	54192	57994	65651
hsa-let-7f-1-3p	180	263	123	73	82	49	78	73
hsa-let-7f-2-3p	45	43	33	30	32	39	25	18
hsa-let-7f-5p	1317274	1242808	2158394	972964	915039	620731	872846	905901
hsa-let-7g-3p	86	105	101	29	37	47	38	22
hsa-let-7g-5p	105254	94978	163164	67220	64145	66787	63021	65014
hsa-let-7i-3p	116	159	152	77	107	160	94	89
hsa-let-7i-5p	64743	48846	78348	36163	39828	47940	39298	40925
hsa-miR-1	63	47	52	99	109	90	133	122
hsa-miR-100-3p	0	0	1	0	0	0	0	0
hsa-miR-100-5p	7	20	6	27	18	18	13	46
hsa-miR-101-3p	69998	53439	33625	58541	74985	99999	71655	63615
hsa-miR-101-5p	47	43	54	29	59	63	64	54
hsa-miR-103a-2-5p	50	59	89	35	21	43	26	21
hsa-miR-103a-3p	0	0	0	0	0	0	0	0
hsa-miR-103b	0	0	0	0	0	0	0	0
hsa-miR-105-3p	0	0	3	1	1	2	3	0
hsa-miR-105-5p	104	101	72	99	115	128	89	106
hsa-miR-106a-3p	0	0	1	1	0	0	0	0
hsa-miR-106a-5p	727	432	317	291	231	270	245	298
hsa-miR-106b-3p	2442	2003	1080	2484	3223	4384	3037	3264
hsa-miR-106b-5p	90763	99126	65116	59558	62713	76665	64298	59664
hsa-miR-107	2901	1830	3635	1302	1222	1541	1082	1153
hsa-miR-10a-3p	7	5	6	2	6	3	7	0
hsa-miR-10a-5p	1194	917	521	956	1573	1381	2101	2293
hsa-miR-10b-3p	0	0	0	0	1	0	0	0
hsa-miR-10b-5p	25	13	6	15	20	22	21	23
hsa-miR-1178-3p	0	2	0	0	0	1	0	0
hsa-miR-1178-5p	0	0	0	0	0	0	0	0
hsa-miR-1179	72	81	102	52	39	31	29	55
hsa-miR-1180-3p	383	356	276	181	180	307	139	199
hsa-miR-1180-5p	13	14	9	1	4	7	5	4
hsa-miR-1181	0	0	0	2	0	1	3	1
hsa-miR-1182	0	0	0	0	0	0	0	0
hsa-miR-1183	0	0	0	0	0	0	0	0
hsa-miR-1184	2	3	0	0	2	2	0	0
hsa-miR-1185-1-3p	0	0	0	0	0	0	0	0
hsa-miR-1185-2-3p	0	0	0	1	0	0	0	0
hsa-miR-1185-5p	1	1	2	0	1	0	0	0
hsa-miR-1193	0	0	0	0	1	0	0	0
hsa-miR-1197	1	0	0	0	0	0	0	0
hsa-miR-1199-3p	0	0	0	0	1	0	0	0
hsa-miR-1199-5p	1	0	0	0	0	1	0	0
hsa-miR-1200	0	0	0	0	0	0	0	0
hsa-miR-1202	0	0	0	0	0	0	0	0
hsa-miR-1203	0	0	0	0	0	0	0	0
hsa-miR-1204	0	1	0	0	0	0	0	0
hsa-miR-1205	0	0	0	0	0	0	0	0
hsa-miR-1206	0	0	0	0	0	0	0	0
hsa-miR-1207-3p	0	0	0	0	0	0	0	0
hsa-miR-1207-5p	0	0	0	0	0	0	0	0
hsa-miR-1208	0	0	0	0	0	0	0	0
hsa-miR-122-3p	0	0	0	0	0	0	0	0
hsa-miR-122-5p	1	3	0	1	2	5	1	2
hsa-miR-1224-3p	1	0	1	0	0	0	0	2
hsa-miR-1224-5p	205	299	73	220	141	291	143	162
hsa-miR-1225-3p	0	0	0	0	0	0	0	0
hsa-miR-1225-5p	0	0	0	3	0	0	0	0
hsa-miR-1226-3p	30	21	12	15	10	19	14	17
hsa-miR-1226-5p	11	17	9	10	6	8	6	12
hsa-miR-1227-3p	7	7	3	4	2	1	7	1
hsa-miR-1227-5p	0	0	0	0	0	0	0	0
hsa-miR-1228-3p	1	0	0	0	0	0	0	1
hsa-miR-1228-5p	10	7	12	7	6	12	5	7
hsa-miR-1229-3p	11	6	7	8	10	3	9	9
hsa-miR-1229-5p	2	5	1	3	1	2	2	2
hsa-miR-1231	0	0	0	0	0	0	0	0
hsa-miR-1233-3p	0	0	0	1	0	1	0	0
hsa-miR-1233-5p	0	0	0	0	0	0	0	0
hsa-miR-1234-3p	3	3	4	5	4	2	1	3
hsa-miR-1236-3p	1	1	1	1	1	0	0	0
hsa-miR-1236-5p	8	11	3	5	1	5	3	2
hsa-miR-1237-3p	16	8	7	5	12	1	3	8
hsa-miR-1237-5p	0	0	0	1	0	0	0	0
hsa-miR-1238-3p	0	0	0	1	0	1	1	1
hsa-miR-1238-5p	0	0	0	0	0	0	0	0
hsa-miR-124-3p	1	1	1	0	0	0	0	0
hsa-miR-124-5p	0	1	0	0	1	0	1	0
hsa-miR-1243	4	1	2	0	2	1	5	1
hsa-miR-1244	0	0	1	1	2	0	1	3
hsa-miR-1245a	0	0	0	0	0	0	0	0
hsa-miR-1245b-3p	0	0	0	1	2	0	1	1
hsa-miR-1245b-5p	0	0	0	0	0	0	0	0
hsa-miR-1246	8	6	5	20	33	66	33	40
hsa-miR-1247-3p	360	382	87	141	172	244	235	285
hsa-miR-1247-5p	206	104	106	158	189	237	152	162
hsa-miR-1248	3	0	0	0	2	3	4	1
hsa-miR-1249	9	9	8	4	2	2	5	7
hsa-miR-1250-3p	0	0	0	0	0	0	0	0
hsa-miR-1250-5p	2	8	8	4	4	10	6	10
hsa-miR-1251-3p	7	6	0	1	5	4	9	5
hsa-miR-1251-5p	248	288	169	155	157	166	176	191
hsa-miR-1252-3p	2	0	0	1	1	0	0	0
hsa-miR-1252-5p	29	32	23	21	30	34	25	20
hsa-miR-1253	0	0	0	2	0	0	0	0
hsa-miR-1254	370	423	272	241	289	513	361	369
hsa-miR-1255a	90	102	158	87	74	68	83	98
hsa-miR-1255b-2-3p	0	0	0	0	0	0	0	0
hsa-miR-1255b-5p	0	0	0	0	0	0	0	0
hsa-miR-1256	2	0	1	1	0	0	0	0
hsa-miR-1257	62	56	19	35	25	20	16	13
hsa-miR-1258	0	0	1	1	1	1	5	0
hsa-miR-125a-3p	687	821	1103	550	578	745	532	629
hsa-miR-125a-5p	47745	38562	24752	39009	64765	57427	65900	73718
hsa-miR-125b-1-3p	0	0	0	0	0	0	0	0
hsa-miR-125b-2-3p	1646	1812	1261	1486	1963	2726	1570	1621
hsa-miR-125b-5p	2842	2688	2225	1602	2652	2696	1994	2258
hsa-miR-126-3p	15425	15507	15896	11220	12890	12025	12355	12861
hsa-miR-126-5p	4088	4188	3379	2069	2193	1988	2296	2142
hsa-miR-1260a	91	93	50	21	29	14	21	37
hsa-miR-1260b	165	124	88	28	21	17	20	58
hsa-miR-1261	2	1	0	0	2	1	1	0
hsa-miR-1262	6	10	4	11	11	11	11	11
hsa-miR-1263	0	0	1	0	0	0	0	0
hsa-miR-1264	0	0	0	0	0	0	0	0
hsa-miR-1265	2	1	2	1	1	1	1	3
hsa-miR-1266-3p	51	31	17	31	37	46	33	24
hsa-miR-1266-5p	799	725	494	992	919	1282	956	1013
hsa-miR-1267	0	2	0	0	0	1	0	1
hsa-miR-1268a	92	201	25	57	10	24	10	9
hsa-miR-1268b	131	247	28	73	24	39	14	20
hsa-miR-1269a	281	290	179	325	469	633	390	429
hsa-miR-1269b	0	0	0	0	0	0	0	0
hsa-miR-127-3p	1	7	4	6	4	4	5	6
hsa-miR-127-5p	0	0	0	0	0	2	0	0
hsa-miR-1270	0	0	0	0	0	0	0	0
hsa-miR-1271-3p	0	0	0	0	0	0	0	0
hsa-miR-1271-5p	0	2	3	1	2	4	2	2
hsa-miR-1272	0	0	0	0	0	0	0	0
hsa-miR-1273a	0	0	0	0	0	0	0	0
hsa-miR-1273c	4	7	8	5	7	5	1	1
hsa-miR-1273d	5	5	4	5	3	3	3	0
hsa-miR-1273f	0	0	0	0	0	0	0	0
hsa-miR-1273g-3p	0	0	0	0	0	0	0	0
hsa-miR-1273g-5p	0	0	0	0	0	0	0	0
hsa-miR-1273h-3p	0	0	0	0	0	0	0	0
hsa-miR-1273h-5p	0	0	0	0	0	0	0	0
hsa-miR-1275	99	101	91	46	34	36	18	18
hsa-miR-1276	420	388	198	411	507	694	594	641
hsa-miR-1277-3p	214	141	395	79	88	60	79	45
hsa-miR-1277-5p	69	49	40	54	46	40	38	28
hsa-miR-1278	32	20	12	17	27	17	30	26
hsa-miR-1279	0	0	0	0	0	0	0	0
hsa-miR-128-1-5p	46	40	17	18	29	31	16	19
hsa-miR-128-2-5p	0	1	0	0	0	0	0	0
hsa-miR-128-3p	5110	4468	3655	2584	3092	2982	2963	3062
hsa-miR-1281	0	0	0	0	0	0	0	0
hsa-miR-1282	0	0	0	2	1	0	0	1
hsa-miR-1283	362	339	324	149	133	151	162	135
hsa-miR-1284	26	17	11	9	8	6	12	8
hsa-miR-1285-3p	68	65	40	76	84	146	51	74
hsa-miR-1285-5p	1	1	0	0	0	0	0	0
hsa-miR-1286	28	7	27	23	11	19	11	15
hsa-miR-1287-3p	6	15	3	5	3	4	4	3
hsa-miR-1287-5p	418	455	361	356	388	618	464	477
hsa-miR-1288-3p	4	5	1	7	5	13	5	9
hsa-miR-1288-5p	1	3	0	1	0	5	1	4
hsa-miR-1289	5	3	4	3	5	9	7	1
hsa-miR-129-1-3p	0	0	0	2	0	0	0	0
hsa-miR-129-2-3p	3	4	6	3	2	0	4	1
hsa-miR-129-5p	99	127	60	97	130	205	105	140
hsa-miR-1290	0	0	0	0	0	0	0	1
hsa-miR-1291	21	10	5	15	17	21	13	13
hsa-miR-1292-3p	0	0	0	0	0	1	1	1
hsa-miR-1292-5p	497	598	349	445	372	542	331	390
hsa-miR-1293	157	165	95	118	113	135	109	141
hsa-miR-1294	17	10	17	15	11	14	7	6
hsa-miR-1295a	4	5	14	3	5	3	6	4
hsa-miR-1295b-3p	0	0	0	0	0	0	0	0
hsa-miR-1295b-5p	0	0	0	0	0	0	0	0
hsa-miR-1296-3p	4	1	5	0	1	0	1	2
hsa-miR-1296-5p	101	198	118	70	69	108	46	74
hsa-miR-1297	0	0	0	0	0	0	0	0
hsa-miR-1298-3p	1	0	0	0	0	0	0	0
hsa-miR-1298-5p	7	9	4	4	10	12	12	9
hsa-miR-1299	0	0	0	0	0	1	0	0
hsa-miR-1301-3p	837	827	938	499	415	639	346	410
hsa-miR-1301-5p	5	3	2	0	1	1	0	0
hsa-miR-1302	0	0	0	0	0	0	0	0
hsa-miR-1303	19	17	14	7	3	1	1	3
hsa-miR-1304-3p	219	169	94	238	315	277	306	333
hsa-miR-1304-5p	8	6	7	8	2	7	2	2
hsa-miR-1305	180	174	126	143	152	207	147	105
hsa-miR-1306-3p	17	29	12	8	11	26	19	16
hsa-miR-1306-5p	75	68	61	41	38	48	63	60
hsa-miR-1307-3p	10508	12761	7066	7437	6281	11296	6759	7544
hsa-miR-1307-5p	5924	3515	5420	4162	5770	8635	4004	2744
hsa-miR-130a-3p	0	2	4	0	1	0	0	0
hsa-miR-130a-5p	0	0	0	0	0	0	0	0
hsa-miR-130b-3p	3586	2736	2127	2886	2059	2770	2053	2325
hsa-miR-130b-5p	191	101	106	118	113	71	156	146
hsa-miR-132-3p	2632	2653	1666	2406	3033	2929	3467	3472
hsa-miR-132-5p	58	55	90	22	21	32	33	33
hsa-miR-1321	0	0	0	0	0	0	0	0
hsa-miR-1322	0	0	0	0	0	0	0	1
hsa-miR-1323	29	19	23	12	20	22	14	11
hsa-miR-1324	0	0	0	0	0	0	0	0
hsa-miR-133a-3p	2	3	1	0	0	0	0	0
hsa-miR-133a-5p	0	0	0	0	0	0	0	1
hsa-miR-133b	0	0	0	0	0	0	0	0
hsa-miR-134-3p	0	0	0	0	0	0	0	0
hsa-miR-134-5p	23	34	14	32	29	39	12	11
hsa-miR-1343-3p	37	27	27	37	30	43	37	48
hsa-miR-1343-5p	18	38	14	10	3	20	9	4
hsa-miR-135a-3p	5	1	0	0	1	2	0	0
hsa-miR-135a-5p	1067	728	1438	465	403	362	448	337
hsa-miR-135b-3p	255	256	219	221	292	295	257	278
hsa-miR-135b-5p	1060	654	1065	532	460	484	406	365
hsa-miR-136-3p	0	0	0	0	1	0	0	0
hsa-miR-136-5p	1	1	2	1	0	0	0	1
hsa-miR-137	1	2	0	3	7	7	2	2
hsa-miR-138-1-3p	0	0	0	0	0	0	0	0
hsa-miR-138-2-3p	0	0	0	0	0	0	0	0
hsa-miR-138-5p	24	19	10	18	17	27	28	26
hsa-miR-139-3p	26	21	11	13	10	16	4	9
hsa-miR-139-5p	58	52	26	21	36	45	50	75
hsa-miR-140-3p	16867	16398	9166	17950	26110	32337	23273	25414
hsa-miR-140-5p	1772	1647	2108	1254	1295	1766	1241	1303
hsa-miR-141-3p	216800	273601	462227	130225	123730	122650	120279	114896
hsa-miR-141-5p	4467	4273	4237	3928	6461	5731	6256	6063
hsa-miR-142-3p	96	85	83	53	47	64	59	65
hsa-miR-142-5p	1	1	2	3	2	1	0	0
hsa-miR-143-3p	2112	1860	2673	2708	3883	5007	2509	3006
hsa-miR-143-5p	16	22	3	2	3	8	1	5
hsa-miR-144-3p	3	0	2	2	0	1	1	1
hsa-miR-144-5p	54	43	52	32	44	31	36	36
hsa-miR-145-3p	72	99	8	13	5	13	6	7
hsa-miR-145-5p	33	44	38	9	17	24	19	14
hsa-miR-1468-3p	0	0	0	0	0	0	0	0
hsa-miR-1468-5p	7	8	9	4	4	7	10	8
hsa-miR-1469	0	0	0	0	0	0	0	0
hsa-miR-146a-3p	0	0	0	0	0	0	0	0
hsa-miR-146a-5p	10	32	2	5	14	14	11	15
hsa-miR-146b-3p	4	5	2	4	9	13	9	14
hsa-miR-146b-5p	10469	9449	6408	11948	14698	13805	16991	18527
hsa-miR-1470	0	0	0	0	0	0	0	0
hsa-miR-1471	0	0	0	0	0	0	0	0
hsa-miR-147a	0	0	0	0	0	0	0	0
hsa-miR-147b	14	7	15	7	7	15	6	6
hsa-miR-148a-3p	38283	26865	20302	33107	36581	35407	36837	36929
hsa-miR-148a-5p	810	638	436	651	962	1060	1248	1253
hsa-miR-148b-3p	48999	31846	30639	39397	40315	43965	28868	30358
hsa-miR-148b-5p	2072	2167	1625	1648	1635	2014	1729	1882
hsa-miR-149-3p	682	634	335	340	241	443	116	131
hsa-miR-149-5p	15243	15859	9369	11447	12360	14648	9255	9766
hsa-miR-150-3p	1	0	0	1	2	1	1	0
hsa-miR-150-5p	3	8	6	4	1	1	2	4
hsa-miR-151a-3p	66062	57739	32629	89088	113832	127993	101576	109114
hsa-miR-151a-5p	8884	6786	8361	4293	4536	4752	3746	4029
hsa-miR-151b	336	291	347	208	295	326	234	228
hsa-miR-152-3p	6108	4222	3747	5491	6262	7401	5505	5870
hsa-miR-152-5p	34	20	18	34	37	49	38	43
hsa-miR-153-3p	7	6	15	8	3	6	4	2
hsa-miR-153-5p	0	1	0	0	0	0	1	0
hsa-miR-1537-3p	1	2	1	0	1	0	1	0
hsa-miR-1537-5p	0	0	0	0	0	0	0	2
hsa-miR-1538	5	9	1	0	6	9	8	8
hsa-miR-1539	1	0	0	0	0	0	0	0
hsa-miR-154-3p	1	0	0	1	0	0	0	0
hsa-miR-154-5p	0	0	0	0	0	0	0	0
hsa-miR-155-3p	0	1	0	0	0	0	0	0
hsa-miR-155-5p	54	79	108	80	97	75	105	98
hsa-miR-1587	0	0	0	0	0	0	0	0
hsa-miR-15a-3p	7	15	23	2	8	4	2	1
hsa-miR-15a-5p	10172	10815	7320	7173	7256	7602	7034	7102
hsa-miR-15b-3p	241	176	223	66	63	39	48	59
hsa-miR-15b-5p	3481	2266	3727	2300	2024	1451	1959	1795
hsa-miR-16-1-3p	172	172	258	89	85	98	56	59
hsa-miR-16-2-3p	567	470	584	238	315	328	292	335
hsa-miR-16-5p	12952	9162	15532	10216	8758	7891	8559	8099
hsa-miR-17-3p	2027	1332	1327	993	1168	1662	1033	1165
hsa-miR-17-5p	28292	28239	23624	19875	18583	18241	18951	20145
hsa-miR-181a-2-3p	376	361	171	366	504	385	748	780
hsa-miR-181a-3p	6318	5728	2636	3750	5175	5667	5990	6234
hsa-miR-181a-5p	86763	100543	82678	77346	104578	130838	115703	128087
hsa-miR-181b-3p	386	296	122	115	124	109	107	107
hsa-miR-181b-5p	64025	69659	38794	64780	88205	108042	99588	105939
hsa-miR-181c-3p	400	370	280	354	459	708	506	527
hsa-miR-181c-5p	854	919	870	627	766	964	763	783
hsa-miR-181d-3p	2	1	2	1	1	1	0	1
hsa-miR-181d-5p	2029	2246	1033	1688	1845	2535	1935	1905
hsa-miR-182-3p	43	61	35	10	19	21	19	17
hsa-miR-182-5p	411693	358434	225606	497253	621757	495026	636289	668154
hsa-miR-1825	0	0	0	0	0	0	0	0
hsa-miR-1827	0	0	0	1	0	0	0	0
hsa-miR-183-3p	5681	6035	3420	3793	4439	4409	4719	4603
hsa-miR-183-5p	248247	196010	131618	228638	274021	264196	272318	288720
hsa-miR-184	322	312	311	387	474	509	350	349
hsa-miR-185-3p	425	443	378	214	211	357	181	232
hsa-miR-185-5p	18263	18798	21068	8611	7645	10904	6816	7405
hsa-miR-186-3p	135	125	68	105	125	160	126	122
hsa-miR-186-5p	36535	34528	21095	29038	33157	45119	37256	37707
hsa-miR-187-3p	90	104	66	74	93	141	79	72
hsa-miR-187-5p	0	1	1	0	0	3	0	1
hsa-miR-188-3p	2	18	3	6	7	15	5	5
hsa-miR-188-5p	714	797	402	490	625	925	593	597
hsa-miR-18a-3p	381	343	218	298	306	392	338	387
hsa-miR-18a-5p	15801	17002	9613	8965	7538	8345	8938	8323
hsa-miR-18b-3p	0	0	0	0	0	0	0	0
hsa-miR-18b-5p	35	37	24	25	24	19	11	13
hsa-miR-1908-3p	4	0	2	3	2	4	4	2
hsa-miR-1908-5p	18	20	30	9	7	10	8	8
hsa-miR-1909-3p	1	0	1	0	0	1	0	0
hsa-miR-1909-5p	3	2	1	1	0	0	1	0
hsa-miR-190a-3p	3	0	0	0	0	0	0	0
hsa-miR-190a-5p	1543	1417	1449	863	850	871	764	678
hsa-miR-190b	265	262	165	196	166	189	198	208
hsa-miR-191-3p	694	681	409	331	325	472	337	358
hsa-miR-191-5p	162825	102276	128681	102725	109176	79627	92976	109948
hsa-miR-1910-3p	1	10	6	3	2	5	5	4
hsa-miR-1910-5p	105	94	57	69	48	67	77	50
hsa-miR-1911-3p	6	4	2	5	6	3	2	8
hsa-miR-1911-5p	204	162	153	213	216	240	249	235
hsa-miR-1912	0	0	0	0	0	0	0	0
hsa-miR-1913	1	1	0	0	3	2	3	4
hsa-miR-1914-3p	48	34	17	28	21	24	40	30
hsa-miR-1914-5p	4	9	2	3	3	3	0	1
hsa-miR-1915-3p	18	28	20	15	13	22	9	13
hsa-miR-1915-5p	8	6	2	0	3	8	2	5
hsa-miR-192-3p	16	12	18	3	3	7	11	6
hsa-miR-192-5p	14599	15020	12508	16575	22954	27544	23634	24889
hsa-miR-193a-3p	968	851	1046	444	388	534	323	315
hsa-miR-193a-5p	3940	6154	3549	2023	1812	2947	1779	1991
hsa-miR-193b-3p	10104	13775	18167	7494	7922	11329	7533	8681
hsa-miR-193b-5p	2460	3215	2389	2143	1491	2346	1321	1518
hsa-miR-194-3p	136	95	27	55	54	110	38	53
hsa-miR-194-5p	4209	4041	2237	4351	6355	6393	6667	7055
hsa-miR-195-3p	43	51	34	49	89	98	77	80
hsa-miR-195-5p	157	158	325	179	163	149	196	195
hsa-miR-196a-3p	372	290	179	362	416	556	514	507
hsa-miR-196a-5p	32740	36133	18579	35659	41193	41434	57182	58769
hsa-miR-196b-3p	1	0	0	0	0	0	0	0
hsa-miR-196b-5p	560	588	364	617	730	747	755	756
hsa-miR-197-3p	1465	1499	1506	1034	1093	785	1195	1569
hsa-miR-197-5p	31	15	58	19	17	19	6	8
hsa-miR-1972	0	0	0	0	0	0	0	0
hsa-miR-1973	0	0	1	0	0	0	0	0
hsa-miR-1976	16	21	10	20	21	27	20	22
hsa-miR-198	0	0	0	0	0	0	0	0
hsa-miR-199a-3p	32	39	38	29	46	50	46	53
hsa-miR-199a-5p	5	5	2	0	2	5	1	1
hsa-miR-199b-3p	19	15	15	19	24	14	25	25
hsa-miR-199b-5p	14	31	20	13	15	11	23	15
hsa-miR-19a-3p	4562	5631	10993	1566	1279	1764	1447	1295
hsa-miR-19a-5p	10	1	2	0	2	0	2	0
hsa-miR-19b-1-5p	141	111	69	32	20	48	31	25
hsa-miR-19b-2-5p	0	0	0	1	0	0	0	0
hsa-miR-19b-3p	8460	10990	20493	2888	2324	2812	2500	2338
hsa-miR-200a-3p	25164	28568	25770	17947	20672	24155	20072	21404
hsa-miR-200a-5p	727	609	389	600	924	750	734	679
hsa-miR-200b-3p	42662	45903	39426	27567	32378	28788	32434	35008
hsa-miR-200b-5p	2570	2419	1985	1610	2070	1925	1703	2016
hsa-miR-200c-3p	919845	984756	693232	756531	836920	734049	881920	931619
hsa-miR-200c-5p	1130	1149	676	687	726	870	605	664
hsa-miR-202-3p	0	0	0	0	0	2	0	0
hsa-miR-202-5p	0	0	0	0	0	0	0	0
hsa-miR-203a	353888	314052	216313	383615	527127	510466	482490	477160
hsa-miR-203b-3p	924	826	702	694	826	762	754	740
hsa-miR-203b-5p	1607	1478	1118	1423	2020	2299	1907	1969
hsa-miR-204-3p	0	0	0	0	0	0	0	0
hsa-miR-204-5p	1	1	0	0	1	0	0	0
hsa-miR-205-3p	49	23	20	13	25	24	17	21
hsa-miR-205-5p	9593	7540	5714	6027	5971	6371	4675	4741
hsa-miR-2052	0	0	0	0	0	0	0	0
hsa-miR-2053	0	0	0	0	0	0	0	0
hsa-miR-2054	0	0	0	0	0	0	0	0
hsa-miR-206	1	3	3	0	1	1	0	6
hsa-miR-208a-3p	0	0	0	0	0	0	0	0
hsa-miR-208a-5p	0	0	0	0	0	0	0	0
hsa-miR-208b-3p	0	0	0	0	0	0	0	0
hsa-miR-208b-5p	0	0	0	0	0	0	0	0
hsa-miR-20a-3p	120	143	62	57	52	49	45	68
hsa-miR-20a-5p	86898	105178	104364	54980	48335	44680	49082	49615
hsa-miR-20b-3p	1	0	3	0	1	0	0	0
hsa-miR-20b-5p	333	348	186	193	205	221	234	194
hsa-miR-21-3p	33913	34587	23866	24322	30589	32383	26231	26793
hsa-miR-21-5p	17071136	16784295	15229476	15851408	17321934	17089171	17232987	17570118
hsa-miR-210-3p	4757	4659	14704	8232	12180	18302	12686	14573
hsa-miR-210-5p	12	12	160	97	158	108	182	192
hsa-miR-211-3p	0	0	0	0	0	0	0	0
hsa-miR-211-5p	0	0	0	0	0	0	0	0
hsa-miR-2110	699	473	790	442	308	425	192	254
hsa-miR-2113	0	0	0	1	0	0	0	1
hsa-miR-2114-3p	6	5	2	3	2	4	1	2
hsa-miR-2114-5p	7	5	6	2	6	5	9	5
hsa-miR-2115-3p	1	1	0	0	2	0	0	3
hsa-miR-2115-5p	0	0	0	0	1	0	0	0
hsa-miR-2116-3p	3	10	7	6	7	6	11	8
hsa-miR-2116-5p	0	2	2	2	0	0	1	2
hsa-miR-2117	0	0	0	1	0	0	0	2
hsa-miR-212-3p	46	38	72	26	28	35	41	48
hsa-miR-212-5p	17	10	11	8	16	16	23	18
hsa-miR-214-3p	0	0	0	0	0	0	0	0
hsa-miR-214-5p	0	2	0	0	0	0	0	0
hsa-miR-215-3p	0	1	0	0	4	1	0	0
hsa-miR-215-5p	105	81	60	128	195	250	146	163
hsa-miR-216a-3p	0	0	0	2	0	0	0	1
hsa-miR-216a-5p	4	3	4	3	0	6	5	0
hsa-miR-216b-3p	0	1	1	2	4	0	4	2
hsa-miR-216b-5p	2	0	6	2	0	0	3	4
hsa-miR-217	10	10	7	6	5	7	4	5
hsa-miR-218-1-3p	2	1	1	0	0	9	3	1
hsa-miR-218-2-3p	0	0	0	0	0	0	0	0
hsa-miR-218-5p	101	114	147	56	75	93	50	67
hsa-miR-219a-1-3p	171	158	75	172	171	323	195	179
hsa-miR-219a-2-3p	6	6	1	3	3	6	3	11
hsa-miR-219a-5p	55	28	27	21	12	22	13	15
hsa-miR-219b-3p	8	3	3	6	5	6	4	5
hsa-miR-219b-5p	4	14	15	6	6	9	8	11
hsa-miR-22-3p	7728	10464	16386	3196	2466	3553	2745	2618
hsa-miR-22-5p	147	146	134	49	65	68	43	56
hsa-miR-221-3p	2739	2494	1694	1156	1457	2191	1028	1171
hsa-miR-221-5p	363	306	308	249	192	192	115	136
hsa-miR-222-3p	2196	2040	2110	880	917	1162	603	668
hsa-miR-222-5p	361	417	124	113	124	83	85	88
hsa-miR-223-3p	0	5	0	0	0	0	0	0
hsa-miR-223-5p	0	0	0	0	0	1	0	0
hsa-miR-224-3p	0	0	1	0	0	0	0	0
hsa-miR-224-5p	42	50	24	24	35	24	20	13
hsa-miR-2276-3p	843	880	496	833	718	1065	865	866
hsa-miR-2276-5p	21	16	11	27	15	22	22	33
hsa-miR-2277-3p	19	47	49	26	28	52	31	27
hsa-miR-2277-5p	55	63	60	65	65	62	55	74
hsa-miR-2278	108	156	103	76	52	107	98	66
hsa-miR-2355-3p	88	85	75	58	88	144	134	128
hsa-miR-2355-5p	4	8	3	3	1	2	8	3
hsa-miR-2392	0	1	1	0	0	0	0	0
hsa-miR-23a-3p	39465	36492	38079	19116	20414	18894	23373	24454
hsa-miR-23a-5p	28	93	26	7	8	18	8	6
hsa-miR-23b-3p	33980	30950	23091	14795	16013	13710	18183	19413
hsa-miR-23b-5p	490	441	181	145	155	159	139	153
hsa-miR-23c	8	11	13	4	12	5	10	12
hsa-miR-24-1-5p	103	99	200	42	24	53	51	41
hsa-miR-24-2-5p	4908	5618	4115	2715	2648	2574	3036	2927
hsa-miR-24-3p	465703	590813	629917	353262	341617	409337	407387	416088
hsa-miR-2467-3p	2	3	0	0	0	0	0	0
hsa-miR-2467-5p	1	6	4	1	4	5	4	3
hsa-miR-25-3p	12593	9782	8601	9292	12081	12542	10922	12018
hsa-miR-25-5p	1197	607	1366	477	362	345	135	186
hsa-miR-2681-3p	0	0	0	0	0	0	0	0
hsa-miR-2681-5p	0	0	0	0	0	0	0	0
hsa-miR-2682-3p	0	0	0	0	0	0	0	0
hsa-miR-2682-5p	0	1	1	1	0	0	0	0
hsa-miR-26a-1-3p	18	12	10	6	19	11	14	12
hsa-miR-26a-2-3p	66	48	75	46	52	31	62	44
hsa-miR-26a-5p	35369	26443	44493	21648	21649	18398	18910	18711
hsa-miR-26b-3p	295	267	199	215	344	320	371	316
hsa-miR-26b-5p	20284	13657	18996	12684	11538	9091	10831	10189
hsa-miR-27a-3p	100726	85558	94012	84045	103464	95092	91070	95935
hsa-miR-27a-5p	8831	9411	7834	8736	12380	15188	14518	14658
hsa-miR-27b-3p	286588	224400	210477	196631	237045	246634	237529	246560
hsa-miR-27b-5p	14286	13965	5533	7688	7323	7928	6935	6873
hsa-miR-28-3p	7364	6494	3250	6548	10210	13482	9953	10581
hsa-miR-28-5p	3627	3044	3932	1874	2198	2524	2074	2182
hsa-miR-2861	0	0	0	0	0	0	0	0
hsa-miR-2909	0	0	0	0	0	0	0	0
hsa-miR-296-3p	2404	6337	1352	1704	800	1640	696	698
hsa-miR-296-5p	440	551	392	312	300	409	281	351
hsa-miR-297	0	0	0	0	0	0	0	0
hsa-miR-298	0	0	0	0	0	0	0	0
hsa-miR-299-3p	0	3	1	0	0	3	1	0
hsa-miR-299-5p	0	0	0	0	0	0	0	0
hsa-miR-29a-3p	15285	15583	15557	8909	10847	12905	11127	11248
hsa-miR-29a-5p	467	470	300	253	220	296	263	241
hsa-miR-29b-1-5p	566	783	184	233	304	256	312	318
hsa-miR-29b-2-5p	250	227	158	198	214	297	282	277
hsa-miR-29b-3p	15315	15339	14560	7187	6430	6405	6736	5648
hsa-miR-29c-3p	1626	1844	2640	979	1089	1231	1024	972
hsa-miR-29c-5p	428	399	336	279	281	324	354	288
hsa-miR-300	0	0	0	0	0	0	0	0
hsa-miR-301a-3p	7445	2689	3234	1689	1874	2095	2303	2238
hsa-miR-301a-5p	27	25	16	17	11	11	20	6
hsa-miR-301b	497	177	205	119	142	156	171	176
hsa-miR-302a-3p	0	0	0	0	0	0	0	0
hsa-miR-302a-5p	1	2	0	0	1	0	1	1
hsa-miR-302b-3p	0	1	0	1	0	0	0	1
hsa-miR-302b-5p	0	0	0	0	0	0	0	0
hsa-miR-302c-3p	0	0	0	0	0	0	0	0
hsa-miR-302c-5p	0	0	0	0	0	0	0	0
hsa-miR-302d-3p	0	0	0	0	0	0	0	0
hsa-miR-302d-5p	0	0	0	0	0	0	0	0
hsa-miR-302e	0	0	0	0	0	0	0	0
hsa-miR-302f	0	0	0	0	0	0	0	0
hsa-miR-3064-3p	2	3	3	0	0	0	1	0
hsa-miR-3064-5p	82	87	47	48	54	82	51	64
hsa-miR-3065-3p	333	334	235	386	521	602	609	684
hsa-miR-3065-5p	411	419	479	373	317	407	342	392
hsa-miR-3074-3p	395	570	129	153	129	176	138	119
hsa-miR-3074-5p	244	250	250	192	205	308	266	303
hsa-miR-30a-3p	556	518	307	524	584	721	377	407
hsa-miR-30a-5p	7250	6686	4997	8537	11515	11249	7227	7476
hsa-miR-30b-3p	72	82	104	79	97	137	73	86
hsa-miR-30b-5p	7306	6864	6720	3251	3133	2422	2909	3339
hsa-miR-30c-1-3p	53	64	50	36	53	66	34	32
hsa-miR-30c-2-3p	79	72	45	29	33	62	20	27
hsa-miR-30c-5p	17510	20018	8645	8909	17411	10764	19084	19548
hsa-miR-30d-3p	406	298	361	383	470	673	451	469
hsa-miR-30d-5p	223128	204404	145871	243198	421779	379321	497239	536432
hsa-miR-30e-3p	7015	5964	4300	7719	10361	10067	10872	11378
hsa-miR-30e-5p	82789	81711	63888	80116	102632	104296	114589	122555
hsa-miR-31-3p	2	2	4	2	1	1	0	0
hsa-miR-31-5p	300	393	816	177	172	144	46	64
hsa-miR-3115	40	41	35	24	21	23	36	40
hsa-miR-3116	5	4	4	0	6	7	6	6
hsa-miR-3117-3p	0	0	0	0	0	0	0	0
hsa-miR-3117-5p	0	0	0	0	0	0	0	0
hsa-miR-3118	1	0	0	1	3	1	3	1
hsa-miR-3119	0	0	0	0	0	0	0	0
hsa-miR-3120-3p	0	0	0	0	0	0	0	0
hsa-miR-3120-5p	0	0	0	0	0	0	0	0
hsa-miR-3121-3p	5	15	21	8	7	5	8	5
hsa-miR-3121-5p	1	1	0	0	0	0	0	2
hsa-miR-3122	2	2	2	2	0	7	3	2
hsa-miR-3123	0	0	0	0	0	0	0	0
hsa-miR-3124-3p	0	0	0	0	0	1	0	0
hsa-miR-3124-5p	2	0	2	0	2	2	0	1
hsa-miR-3125	1	2	0	1	1	1	1	1
hsa-miR-3126-3p	2	2	1	1	1	0	1	1
hsa-miR-3126-5p	10	13	8	1	7	10	8	11
hsa-miR-3127-3p	52	28	27	31	41	66	55	71
hsa-miR-3127-5p	228	369	89	242	195	308	245	253
hsa-miR-3128	10	10	9	15	11	20	11	25
hsa-miR-3129-3p	4	3	10	1	8	5	7	9
hsa-miR-3129-5p	1	5	1	1	1	0	0	2
hsa-miR-3130-3p	3	1	7	6	7	12	1	8
hsa-miR-3130-5p	0	1	2	1	1	1	0	0
hsa-miR-3131	19	6	6	9	5	20	15	11
hsa-miR-3132	0	0	0	0	3	0	2	1
hsa-miR-3133	0	2	0	0	0	1	0	0
hsa-miR-3134	3	9	4	1	1	1	0	3
hsa-miR-3135a	3	2	1	1	3	1	0	1
hsa-miR-3135b	0	0	0	0	0	0	0	0
hsa-miR-3136-3p	0	0	2	0	1	0	0	0
hsa-miR-3136-5p	13	5	12	13	9	18	9	4
hsa-miR-3137	2	1	1	0	1	4	2	1
hsa-miR-3138	20	24	13	11	13	18	8	11
hsa-miR-3139	13	16	12	13	13	19	12	7
hsa-miR-3140-3p	18	35	22	23	50	41	49	42
hsa-miR-3140-5p	0	0	0	0	0	0	0	0
hsa-miR-3141	2	1	1	0	0	0	0	0
hsa-miR-3142	0	0	0	0	0	0	0	0
hsa-miR-3143	4	1	0	2	2	0	0	3
hsa-miR-3144-3p	3	3	3	5	2	7	6	5
hsa-miR-3144-5p	12	6	11	13	6	3	2	7
hsa-miR-3145-3p	14	21	12	11	13	8	5	10
hsa-miR-3145-5p	1	0	2	0	0	1	1	0
hsa-miR-3146	15	11	4	8	7	12	14	16
hsa-miR-3147	0	0	0	0	0	0	0	0
hsa-miR-3148	8	1	4	0	2	1	2	2
hsa-miR-3149	6	3	5	6	14	7	6	8
hsa-miR-3150a-3p	9	14	8	10	10	16	7	12
hsa-miR-3150a-5p	11	5	16	8	5	14	10	23
hsa-miR-3150b-3p	19	25	14	31	25	66	22	28
hsa-miR-3150b-5p	2	0	3	1	0	2	3	1
hsa-miR-3151-3p	0	0	0	0	0	0	0	0
hsa-miR-3151-5p	0	1	1	0	0	0	0	0
hsa-miR-3152-3p	0	0	0	0	0	0	0	0
hsa-miR-3152-5p	0	0	0	0	0	0	0	0
hsa-miR-3153	0	1	0	0	1	0	0	0
hsa-miR-3154	0	0	0	0	0	0	0	0
hsa-miR-3155a	4	3	3	7	5	7	0	1
hsa-miR-3155b	2	2	3	2	5	9	8	5
hsa-miR-3156-3p	0	0	0	0	1	2	0	0
hsa-miR-3156-5p	3	8	7	2	2	9	2	13
hsa-miR-3157-3p	3	2	2	3	1	3	2	2
hsa-miR-3157-5p	4	1	4	3	3	5	2	4
hsa-miR-3158-3p	137	143	232	216	262	459	259	269
hsa-miR-3158-5p	1	3	5	1	4	3	3	1
hsa-miR-3159	1	3	1	3	3	1	2	5
hsa-miR-3160-3p	0	0	0	0	0	0	0	0
hsa-miR-3160-5p	0	0	0	0	0	0	0	0
hsa-miR-3161	58	62	34	40	41	65	50	42
hsa-miR-3162-3p	0	0	0	0	0	0	0	0
hsa-miR-3162-5p	4	1	6	6	2	3	0	3
hsa-miR-3163	5	0	3	4	0	4	1	2
hsa-miR-3164	22	20	16	26	25	45	32	50
hsa-miR-3165	0	0	1	0	2	1	0	0
hsa-miR-3166	0	0	0	0	0	0	0	0
hsa-miR-3167	0	0	0	0	0	0	0	0
hsa-miR-3168	3	8	4	26	24	5	26	12
hsa-miR-3169	0	0	0	0	0	0	0	0
hsa-miR-3170	14	6	5	10	9	10	8	17
hsa-miR-3171	5	2	5	2	8	10	3	5
hsa-miR-3173-3p	7	5	14	2	2	4	1	2
hsa-miR-3173-5p	10	8	4	5	12	9	6	8
hsa-miR-3174	21	28	42	13	16	8	16	15
hsa-miR-3175	60	52	26	52	24	61	73	55
hsa-miR-3176	766	817	497	815	838	1350	920	925
hsa-miR-3177-3p	332	333	266	299	217	352	241	261
hsa-miR-3177-5p	7	6	3	1	3	2	1	0
hsa-miR-3178	0	1	0	0	0	0	0	0
hsa-miR-3179	1	1	0	2	1	2	2	3
hsa-miR-3180	30	22	13	13	12	18	8	12
hsa-miR-3180-3p	49	30	20	27	9	22	24	5
hsa-miR-3180-5p	14	11	6	5	9	17	13	6
hsa-miR-3181	1	3	2	2	7	10	7	3
hsa-miR-3182	0	0	1	0	0	0	0	0
hsa-miR-3183	7	6	9	5	4	12	6	4
hsa-miR-3184-3p	0	0	0	0	0	0	0	0
hsa-miR-3184-5p	195	249	218	150	150	246	186	171
hsa-miR-3185	0	0	0	0	0	0	0	0
hsa-miR-3186-3p	0	0	1	0	0	1	0	0
hsa-miR-3186-5p	0	2	1	0	1	3	3	1
hsa-miR-3187-3p	182	191	142	142	99	174	104	107
hsa-miR-3187-5p	47	53	15	42	29	37	17	24
hsa-miR-3188	17	23	22	22	23	42	19	26
hsa-miR-3189-3p	5	8	4	4	9	5	13	12
hsa-miR-3189-5p	6	3	5	4	3	5	2	3
hsa-miR-3190-3p	9	13	4	8	12	13	15	8
hsa-miR-3190-5p	0	0	0	0	0	0	0	0
hsa-miR-3191-3p	11	4	5	10	5	15	12	14
hsa-miR-3191-5p	13	11	15	10	11	8	11	10
hsa-miR-3192-3p	0	2	1	0	0	1	0	0
hsa-miR-3192-5p	30	31	23	28	27	26	27	25
hsa-miR-3193	12	10	5	14	9	20	14	16
hsa-miR-3194-3p	3	3	5	4	1	4	1	3
hsa-miR-3194-5p	24	44	70	37	21	42	11	18
hsa-miR-3195	0	0	0	0	0	0	0	0
hsa-miR-3196	0	0	0	1	0	0	0	0
hsa-miR-3197	3	4	2	4	1	5	3	2
hsa-miR-3198	16	22	5	19	4	31	11	9
hsa-miR-3199	40	25	22	21	40	41	34	38
hsa-miR-32-3p	196	159	154	76	69	66	47	38
hsa-miR-32-5p	2869	1820	2961	1704	1829	2113	1641	1217
hsa-miR-3200-3p	119	161	111	49	76	64	60	75
hsa-miR-3200-5p	30	34	34	13	5	19	7	14
hsa-miR-3201	1	0	0	0	0	0	0	0
hsa-miR-3202	5	2	10	4	4	2	1	0
hsa-miR-320a	18238	16342	29047	12109	10077	17274	6447	7970
hsa-miR-320b	529	399	941	373	354	541	252	289
hsa-miR-320c	241	186	386	206	195	305	137	166
hsa-miR-320d	144	120	195	126	107	187	106	132
hsa-miR-320e	1	3	4	6	0	2	2	2
hsa-miR-323a-3p	4	4	3	3	4	0	0	2
hsa-miR-323a-5p	0	0	0	0	0	0	0	0
hsa-miR-323b-3p	2	1	0	0	0	0	0	0
hsa-miR-323b-5p	0	0	0	0	0	0	0	0
hsa-miR-324-3p	861	1050	743	621	706	994	573	673
hsa-miR-324-5p	784	886	960	447	539	791	632	727
hsa-miR-325	0	0	0	0	0	0	0	0
hsa-miR-326	45	64	25	14	20	26	28	21
hsa-miR-328-3p	52	93	59	70	80	103	64	93
hsa-miR-328-5p	2	7	0	4	3	3	0	2
hsa-miR-329-3p	1	1	1	0	1	0	0	0
hsa-miR-329-5p	0	1	0	0	0	0	0	0
hsa-miR-330-3p	782	597	1110	395	296	370	270	371
hsa-miR-330-5p	84	99	62	110	107	138	133	145
hsa-miR-331-3p	587	614	488	309	432	442	390	434
hsa-miR-331-5p	461	482	304	341	406	471	360	366
hsa-miR-335-3p	5242	4042	2905	2459	2477	2012	2592	2675
hsa-miR-335-5p	4302	2860	2602	2030	1814	1256	1691	1618
hsa-miR-337-3p	0	0	0	0	0	1	0	0
hsa-miR-337-5p	0	0	0	0	0	0	0	0
hsa-miR-338-3p	0	0	0	0	0	0	0	0
hsa-miR-338-5p	101	86	71	87	151	166	176	196
hsa-miR-339-3p	20232	21587	15227	17326	21282	31168	22032	23276
hsa-miR-339-5p	2007	2533	2954	1206	1030	1300	951	1061
hsa-miR-33a-3p	32	12	6	6	4	3	4	1
hsa-miR-33a-5p	2313	1401	2331	1204	1260	1834	1006	732
hsa-miR-33b-3p	114	124	93	78	46	78	104	96
hsa-miR-33b-5p	1434	1174	1052	1391	2304	3709	2153	1565
hsa-miR-340-3p	781	626	771	548	530	393	633	571
hsa-miR-340-5p	6711	3826	7818	3627	2862	2525	2445	2538
hsa-miR-342-3p	35627	38681	18661	34742	39335	25762	42500	42718
hsa-miR-342-5p	6715	9743	4889	5692	5568	8224	6021	6798
hsa-miR-345-3p	31	72	52	65	56	103	39	33
hsa-miR-345-5p	7121	10118	11750	5059	4529	7286	3936	4103
hsa-miR-346	0	2	0	0	0	1	0	0
hsa-miR-34a-3p	33	48	46	46	20	27	17	29
hsa-miR-34a-5p	2981	3275	3453	1850	1960	2753	2287	2435
hsa-miR-34b-3p	1	0	2	1	0	0	0	0
hsa-miR-34b-5p	3	5	6	2	1	3	2	2
hsa-miR-34c-3p	0	1	2	2	0	0	2	0
hsa-miR-34c-5p	260	269	226	262	204	273	167	205
hsa-miR-3529-3p	6360	3291	9185	3769	1950	1555	1177	1248
hsa-miR-3529-5p	4	1	2	1	2	2	2	2
hsa-miR-3591-3p	0	0	0	0	0	0	0	0
hsa-miR-3591-5p	0	0	0	0	0	0	0	0
hsa-miR-3605-3p	12	3	6	7	6	3	12	11
hsa-miR-3605-5p	37	54	35	29	29	28	27	42
hsa-miR-3606-3p	0	0	0	0	0	0	0	0
hsa-miR-3606-5p	0	0	0	0	0	0	0	0
hsa-miR-3607-3p	13	2	6	7	7	16	13	12
hsa-miR-3607-5p	1	1	0	0	0	0	0	0
hsa-miR-3609	3	7	12	2	3	6	5	1
hsa-miR-361-3p	533	516	289	593	734	802	694	746
hsa-miR-361-5p	7289	7914	6021	4105	4972	4501	5110	5329
hsa-miR-3610	2	2	3	1	16	10	5	11
hsa-miR-3611	18	20	16	8	6	3	4	7
hsa-miR-3612	0	0	0	0	0	0	0	0
hsa-miR-3613-3p	23	31	17	6	11	6	3	7
hsa-miR-3613-5p	15	15	7	0	6	5	5	6
hsa-miR-3614-3p	2	1	3	4	6	10	2	5
hsa-miR-3614-5p	66	55	54	81	86	151	23	26
hsa-miR-3615	252	184	180	216	274	443	262	237
hsa-miR-3616-3p	9	10	11	5	3	15	5	1
hsa-miR-3616-5p	2	3	5	2	3	3	2	0
hsa-miR-3617-3p	1	0	0	0	0	0	0	0
hsa-miR-3617-5p	1	0	6	2	0	1	1	0
hsa-miR-3618	0	0	1	0	0	0	1	1
hsa-miR-3619-3p	29	30	10	45	66	79	77	101
hsa-miR-3619-5p	13	10	9	5	5	8	11	9
hsa-miR-362-3p	29	13	19	7	13	7	9	11
hsa-miR-362-5p	152	156	122	74	77	119	67	112
hsa-miR-3620-3p	3	4	7	4	5	2	6	3
hsa-miR-3620-5p	12	14	1	17	7	17	5	3
hsa-miR-3621	0	0	1	1	0	0	0	0
hsa-miR-3622a-3p	1	0	0	0	0	0	0	0
hsa-miR-3622a-5p	1	0	0	1	0	0	0	0
hsa-miR-3622b-3p	0	0	0	0	0	0	0	0
hsa-miR-3622b-5p	0	0	0	0	0	0	0	0
hsa-miR-363-3p	286	264	311	190	173	231	157	176
hsa-miR-363-5p	0	1	1	0	1	0	0	0
hsa-miR-3646	1	2	2	1	0	0	1	4
hsa-miR-3648	4	1	1	0	1	5	1	1
hsa-miR-3649	0	0	0	0	0	0	1	0
hsa-miR-3650	0	0	0	0	0	0	0	1
hsa-miR-3651	2	0	0	1	0	1	0	0
hsa-miR-3652	2	2	5	2	4	5	5	2
hsa-miR-3653	34	23	19	22	35	36	34	24
hsa-miR-3654	0	0	1	1	0	1	1	1
hsa-miR-3655	1	1	2	2	4	4	4	6
hsa-miR-3656	0	0	0	0	0	1	0	0
hsa-miR-3657	6	3	2	3	2	1	0	0
hsa-miR-3658	0	0	0	0	0	0	0	0
hsa-miR-3659	9	9	13	11	5	14	7	11
hsa-miR-365a-3p	1237	522	852	483	440	311	474	660
hsa-miR-365a-5p	1433	3047	1339	2436	1840	2854	1529	1739
hsa-miR-365b-3p	1201	505	815	432	465	299	440	607
hsa-miR-365b-5p	1094	1386	383	680	454	783	452	486
hsa-miR-3660	32	14	26	19	20	33	18	21
hsa-miR-3661	11	14	5	13	7	13	15	10
hsa-miR-3662	172	157	70	173	70	90	61	65
hsa-miR-3663-3p	7	19	10	21	29	46	18	23
hsa-miR-3663-5p	0	1	2	6	1	5	1	3
hsa-miR-3664-3p	31	39	44	13	20	33	27	17
hsa-miR-3664-5p	8	4	6	6	6	8	3	2
hsa-miR-3665	0	0	0	0	0	0	0	0
hsa-miR-3666	0	0	0	0	0	0	0	0
hsa-miR-3667-3p	0	0	0	0	0	0	0	0
hsa-miR-3667-5p	0	0	0	0	0	0	0	0
hsa-miR-3668	0	0	0	0	0	0	0	0
hsa-miR-3669	0	0	0	0	0	0	0	0
hsa-miR-367-3p	0	0	0	0	0	0	0	0
hsa-miR-367-5p	0	0	0	0	0	0	0	0
hsa-miR-3670	0	0	0	0	0	0	0	0
hsa-miR-3671	0	0	0	0	0	0	0	0
hsa-miR-3672	0	0	0	0	1	0	0	0
hsa-miR-3673	0	0	0	0	0	0	0	0
hsa-miR-3674	0	0	0	0	0	0	0	0
hsa-miR-3675-3p	0	0	0	0	0	0	0	0
hsa-miR-3675-5p	0	0	0	0	0	0	0	0
hsa-miR-3677-3p	30	48	43	60	60	112	78	78
hsa-miR-3677-5p	2	2	7	0	0	1	1	0
hsa-miR-3678-3p	4	1	1	0	1	3	3	3
hsa-miR-3678-5p	4	3	1	4	6	3	3	8
hsa-miR-3679-3p	0	0	0	0	0	0	0	0
hsa-miR-3679-5p	107	107	55	85	91	131	102	131
hsa-miR-3680-3p	1	7	3	4	2	10	5	7
hsa-miR-3680-5p	7	3	3	4	8	11	5	3
hsa-miR-3681-3p	0	0	0	0	0	0	0	0
hsa-miR-3681-5p	0	0	0	0	0	0	1	0
hsa-miR-3682-3p	17	16	2	5	14	18	16	12
hsa-miR-3682-5p	0	0	0	0	0	0	0	0
hsa-miR-3683	0	0	0	0	0	0	0	0
hsa-miR-3684	12	12	4	7	9	16	19	9
hsa-miR-3685	0	0	0	1	0	2	0	0
hsa-miR-3686	0	0	0	0	0	0	0	0
hsa-miR-3687	4	11	5	3	2	3	2	2
hsa-miR-3688-3p	4	4	4	8	9	13	8	16
hsa-miR-3688-5p	0	0	0	0	0	1	0	0
hsa-miR-3689a-3p	0	0	0	0	0	0	0	0
hsa-miR-3689a-5p	0	0	0	1	2	2	0	0
hsa-miR-3689b-3p	0	0	0	0	0	0	0	0
hsa-miR-3689b-5p	0	0	0	0	0	2	0	0
hsa-miR-3689c	0	0	0	0	0	0	0	0
hsa-miR-3689d	0	0	0	0	0	0	0	0
hsa-miR-3689e	0	0	0	0	0	0	0	0
hsa-miR-3689f	0	0	0	0	0	0	0	0
hsa-miR-369-3p	17	17	23	20	20	18	14	9
hsa-miR-369-5p	0	0	0	0	0	0	0	0
hsa-miR-3690	0	0	1	1	0	2	0	0
hsa-miR-3691-3p	0	0	0	0	0	1	0	1
hsa-miR-3691-5p	45	47	22	47	49	76	86	86
hsa-miR-3692-3p	3	4	1	8	4	3	4	4
hsa-miR-3692-5p	0	0	0	1	0	0	0	0
hsa-miR-370-3p	4	3	2	1	0	1	2	1
hsa-miR-370-5p	0	0	0	0	0	0	0	0
hsa-miR-3713	0	0	0	0	0	0	0	0
hsa-miR-3714	0	0	0	0	0	0	0	0
hsa-miR-371a-3p	0	0	0	0	0	0	0	0
hsa-miR-371a-5p	0	0	0	0	0	0	0	0
hsa-miR-371b-3p	0	2	0	0	0	0	0	0
hsa-miR-371b-5p	0	0	1	0	0	0	0	0
hsa-miR-372-3p	2	1	0	0	1	3	0	0
hsa-miR-372-5p	0	0	0	0	0	0	0	0
hsa-miR-373-3p	2	1	0	2	3	3	1	1
hsa-miR-373-5p	0	0	0	0	0	0	0	0
hsa-miR-374a-3p	16631	9868	6467	18375	23235	18726	21439	16034
hsa-miR-374a-5p	2437	1912	1360	1428	1386	1051	1398	1311
hsa-miR-374b-3p	281	188	211	238	267	172	233	245
hsa-miR-374b-5p	0	0	0	0	0	0	0	0
hsa-miR-374c-3p	0	0	0	0	0	0	0	0
hsa-miR-374c-5p	6	8	7	2	2	1	3	3
hsa-miR-375	51252	49236	31916	32740	45415	65759	53874	55825
hsa-miR-376a-2-5p	1	2	2	3	2	0	0	0
hsa-miR-376a-3p	1	0	0	0	0	0	0	0
hsa-miR-376a-5p	22	18	17	14	9	15	4	8
hsa-miR-376b-3p	0	0	2	1	1	1	0	0
hsa-miR-376b-5p	0	1	0	0	0	0	0	0
hsa-miR-376c-3p	3	0	2	4	1	3	1	0
hsa-miR-376c-5p	0	1	0	0	0	0	0	0
hsa-miR-377-3p	3	4	1	1	2	0	2	0
hsa-miR-377-5p	1	1	0	0	1	1	0	0
hsa-miR-378a-3p	39159	37046	24219	43908	45700	74494	43506	46848
hsa-miR-378a-5p	89	88	45	79	57	107	51	67
hsa-miR-378b	6	4	3	5	6	8	6	8
hsa-miR-378c	819	754	442	734	1027	1711	1054	1123
hsa-miR-378d	38	34	31	32	65	100	46	57
hsa-miR-378e	0	0	0	0	0	1	1	2
hsa-miR-378f	5	3	4	8	6	16	7	16
hsa-miR-378g	9	5	6	11	12	12	4	11
hsa-miR-378h	1	0	0	1	0	0	0	0
hsa-miR-378i	63	60	39	45	79	126	109	123
hsa-miR-378j	0	0	0	0	0	0	0	1
hsa-miR-379-3p	0	0	0	0	0	0	0	1
hsa-miR-379-5p	43	35	21	29	45	71	30	23
hsa-miR-380-3p	0	0	1	0	2	0	0	0
hsa-miR-380-5p	2	0	1	1	0	0	0	0
hsa-miR-381-3p	14	17	16	14	20	19	9	11
hsa-miR-381-5p	0	1	0	0	0	0	0	0
hsa-miR-382-3p	1	0	0	0	1	0	0	0
hsa-miR-382-5p	14	9	4	15	9	11	5	7
hsa-miR-383-3p	0	0	0	0	0	0	0	0
hsa-miR-383-5p	0	0	0	0	0	0	0	0
hsa-miR-384	0	0	0	0	0	0	0	0
hsa-miR-3907	0	0	0	0	0	0	0	1
hsa-miR-3908	0	0	1	0	0	0	0	0
hsa-miR-3909	21	13	24	15	12	22	7	7
hsa-miR-3910	0	0	0	0	0	0	0	0
hsa-miR-3911	109	115	35	78	55	116	88	96
hsa-miR-3912-3p	136	154	173	84	101	110	112	95
hsa-miR-3912-5p	10	6	3	2	8	5	8	7
hsa-miR-3913-3p	0	0	0	0	0	0	0	0
hsa-miR-3913-5p	0	0	0	0	0	0	0	0
hsa-miR-3914	0	0	0	0	0	0	0	0
hsa-miR-3915	0	0	0	0	0	0	0	0
hsa-miR-3916	0	3	2	0	3	1	1	0
hsa-miR-3917	7	9	10	9	13	26	19	29
hsa-miR-3918	1	1	2	2	1	0	0	2
hsa-miR-3919	0	0	0	1	1	0	0	0
hsa-miR-3920	1	0	1	0	1	0	0	1
hsa-miR-3921	0	1	0	0	0	0	0	0
hsa-miR-3922-3p	0	2	1	3	0	0	1	1
hsa-miR-3922-5p	0	0	0	0	0	1	0	1
hsa-miR-3923	1	4	1	3	3	4	1	3
hsa-miR-3924	0	0	1	0	0	0	0	0
hsa-miR-3925-3p	4	8	2	4	4	9	8	11
hsa-miR-3925-5p	8	6	4	6	10	5	7	7
hsa-miR-3926	0	0	4	2	4	5	4	3
hsa-miR-3927-3p	1	1	1	2	1	1	0	1
hsa-miR-3927-5p	1	1	0	1	0	1	1	0
hsa-miR-3928-3p	307	290	156	380	403	706	460	466
hsa-miR-3928-5p	3	5	3	3	2	3	2	4
hsa-miR-3929	19	30	29	14	14	20	15	25
hsa-miR-3934-3p	10	4	7	3	8	11	1	4
hsa-miR-3934-5p	305	324	200	365	428	534	498	472
hsa-miR-3935	16	9	6	3	8	6	14	18
hsa-miR-3936	7	14	9	7	0	7	6	3
hsa-miR-3937	0	1	1	0	0	0	0	0
hsa-miR-3938	6	5	0	3	2	6	4	3
hsa-miR-3939	3	3	3	1	1	5	0	2
hsa-miR-3940-3p	6	2	4	5	0	2	5	6
hsa-miR-3940-5p	10	14	3	7	0	0	0	3
hsa-miR-3941	2	1	1	0	0	0	0	0
hsa-miR-3942-3p	0	0	0	0	0	1	0	2
hsa-miR-3942-5p	18	17	15	32	38	24	40	24
hsa-miR-3943	0	0	0	0	0	0	0	0
hsa-miR-3944-3p	39	32	31	31	34	50	33	39
hsa-miR-3944-5p	9	10	10	3	3	4	4	4
hsa-miR-3945	0	0	0	0	0	0	0	0
hsa-miR-3960	0	0	0	0	0	0	0	0
hsa-miR-3972	0	0	0	0	0	0	0	0
hsa-miR-3973	0	0	0	0	0	0	0	0
hsa-miR-3974	0	0	0	0	0	0	0	0
hsa-miR-3975	0	0	0	0	0	0	0	0
hsa-miR-3976	0	0	0	0	0	0	0	0
hsa-miR-3977	0	0	0	0	0	0	0	0
hsa-miR-3978	0	0	0	0	0	0	0	0
hsa-miR-409-3p	1	8	6	3	3	15	1	5
hsa-miR-409-5p	1	2	2	2	1	0	0	0
hsa-miR-410-3p	2	2	1	0	1	0	1	0
hsa-miR-410-5p	0	0	0	0	0	0	0	0
hsa-miR-411-3p	0	3	0	1	0	1	0	0
hsa-miR-411-5p	4	4	9	5	6	1	3	0
hsa-miR-412-3p	0	0	0	0	0	0	0	0
hsa-miR-412-5p	0	0	0	1	0	0	0	0
hsa-miR-421	813	543	749	450	447	385	469	505
hsa-miR-422a	2	2	2	2	8	5	2	1
hsa-miR-423-3p	23845	24944	19860	13725	13697	17209	15543	17509
hsa-miR-423-5p	0	0	0	0	0	0	0	0
hsa-miR-424-3p	1093	1181	814	295	294	270	180	203
hsa-miR-424-5p	8151	6290	14315	3876	3690	3336	2482	2012
hsa-miR-425-3p	1547	1872	1474	1276	1828	2715	2031	2182
hsa-miR-425-5p	40876	41066	42884	27432	28472	34326	37308	40870
hsa-miR-4251	0	0	0	0	0	0	0	0
hsa-miR-4252	0	0	0	0	0	0	0	0
hsa-miR-4253	0	0	0	0	0	0	0	0
hsa-miR-4254	0	0	0	0	0	0	1	0
hsa-miR-4255	0	0	0	0	0	0	0	0
hsa-miR-4256	0	0	0	0	0	0	0	0
hsa-miR-4257	0	0	0	0	0	0	0	0
hsa-miR-4258	0	0	0	0	0	0	0	0
hsa-miR-4259	0	0	0	0	0	0	0	0
hsa-miR-4260	0	0	0	0	0	0	0	0
hsa-miR-4261	0	0	0	0	0	0	0	0
hsa-miR-4262	0	0	0	0	0	0	0	0
hsa-miR-4263	0	0	0	0	0	0	0	0
hsa-miR-4264	0	0	0	0	0	0	0	0
hsa-miR-4265	0	0	0	0	0	0	0	0
hsa-miR-4266	0	0	0	0	0	0	0	0
hsa-miR-4267	0	0	0	0	0	0	0	0
hsa-miR-4268	0	0	0	0	0	0	0	0
hsa-miR-4269	0	0	0	0	0	0	0	0
hsa-miR-4270	0	0	0	0	0	0	0	0
hsa-miR-4271	0	0	0	0	0	0	0	0
hsa-miR-4272	0	0	0	0	0	0	0	0
hsa-miR-4273	0	0	0	0	0	0	0	0
hsa-miR-4274	0	0	0	0	0	0	0	0
hsa-miR-4275	0	0	0	0	0	0	0	0
hsa-miR-4276	0	0	0	0	0	0	0	0
hsa-miR-4277	0	0	0	0	0	0	0	0
hsa-miR-4278	0	0	0	0	0	0	0	0
hsa-miR-4279	0	0	0	0	0	0	0	0
hsa-miR-4280	0	0	0	0	0	0	0	0
hsa-miR-4281	0	0	0	0	0	0	0	0
hsa-miR-4282	0	0	0	0	0	0	0	0
hsa-miR-4283	0	0	0	0	0	0	0	0
hsa-miR-4284	0	0	0	0	0	1	1	0
hsa-miR-4285	0	0	0	0	0	0	0	0
hsa-miR-4286	0	1	0	1	0	0	0	2
hsa-miR-4287	0	0	0	0	0	0	0	0
hsa-miR-4288	0	0	0	0	0	0	0	0
hsa-miR-4289	0	0	0	0	1	0	0	0
hsa-miR-429	21578	22786	27604	13657	13382	14060	13798	14337
hsa-miR-4290	0	0	0	0	0	0	0	0
hsa-miR-4291	0	0	0	0	0	0	0	0
hsa-miR-4292	0	0	0	0	0	0	0	0
hsa-miR-4293	0	0	0	0	0	0	0	0
hsa-miR-4294	0	0	0	0	0	0	0	0
hsa-miR-4295	0	0	0	0	0	0	0	0
hsa-miR-4296	0	0	0	0	0	0	0	0
hsa-miR-4297	0	0	0	0	0	0	0	0
hsa-miR-4298	0	0	0	0	0	0	0	0
hsa-miR-4299	0	0	0	0	0	0	0	0
hsa-miR-4300	0	0	0	0	0	0	0	0
hsa-miR-4301	0	0	0	0	0	0	0	0
hsa-miR-4302	0	0	0	0	0	0	0	0
hsa-miR-4303	0	0	0	0	0	0	0	0
hsa-miR-4304	0	0	0	0	0	0	0	0
hsa-miR-4305	0	0	0	0	0	0	0	0
hsa-miR-4306	0	0	0	0	1	0	0	1
hsa-miR-4307	0	0	0	0	0	1	0	0
hsa-miR-4308	0	0	0	0	0	0	0	0
hsa-miR-4309	0	0	0	0	0	0	0	0
hsa-miR-431-3p	0	0	0	0	0	0	0	0
hsa-miR-431-5p	0	0	0	0	0	0	0	0
hsa-miR-4310	0	0	0	0	0	0	0	0
hsa-miR-4311	0	0	0	0	0	0	0	0
hsa-miR-4312	0	0	0	0	0	0	0	0
hsa-miR-4313	0	0	0	0	0	0	0	0
hsa-miR-4314	0	0	0	0	0	0	0	0
hsa-miR-4315	0	0	0	0	0	0	0	0
hsa-miR-4316	0	0	0	0	0	0	0	0
hsa-miR-4317	0	0	0	0	0	0	0	0
hsa-miR-4318	0	0	0	0	0	0	0	0
hsa-miR-4319	0	0	0	0	0	0	0	0
hsa-miR-432-3p	0	0	0	0	0	0	0	0
hsa-miR-432-5p	0	1	0	0	1	2	1	0
hsa-miR-4320	0	0	0	0	0	0	0	0
hsa-miR-4321	0	0	0	0	0	0	0	0
hsa-miR-4322	0	0	0	0	0	0	0	0
hsa-miR-4323	0	0	0	0	0	0	0	0
hsa-miR-4324	0	0	0	0	0	0	0	0
hsa-miR-4325	0	0	0	0	0	0	0	0
hsa-miR-4326	0	1	0	0	1	1	0	2
hsa-miR-4327	0	0	0	0	0	0	0	0
hsa-miR-4328	0	0	0	0	0	0	0	0
hsa-miR-4329	0	0	0	0	0	0	0	0
hsa-miR-433-3p	0	0	0	0	0	0	1	1
hsa-miR-433-5p	0	0	0	0	0	0	0	0
hsa-miR-4330	0	0	0	0	0	0	0	0
hsa-miR-4417	0	2	0	0	0	2	2	1
hsa-miR-4418	0	0	0	0	0	0	0	0
hsa-miR-4419a	0	0	0	0	0	0	0	0
hsa-miR-4419b	0	0	0	0	0	0	0	0
hsa-miR-4420	0	0	0	0	0	0	0	0
hsa-miR-4421	0	0	0	1	0	0	0	0
hsa-miR-4422	0	0	0	0	0	0	0	0
hsa-miR-4423-3p	0	0	0	0	0	0	0	0
hsa-miR-4423-5p	1	2	0	2	1	0	3	0
hsa-miR-4424	2	2	1	3	1	2	1	4
hsa-miR-4425	0	2	0	0	2	0	1	1
hsa-miR-4426	0	0	0	0	0	0	0	0
hsa-miR-4427	0	0	0	1	3	2	0	3
hsa-miR-4428	1	1	0	0	0	0	0	1
hsa-miR-4429	3	6	5	0	4	1	1	7
hsa-miR-4430	0	0	0	0	0	0	0	0
hsa-miR-4431	0	0	0	0	0	0	0	0
hsa-miR-4432	0	0	0	0	0	0	0	0
hsa-miR-4433-3p	0	0	0	0	0	0	0	0
hsa-miR-4433-5p	0	0	0	0	0	0	0	0
hsa-miR-4433b-3p	0	1	0	0	0	0	0	0
hsa-miR-4433b-5p	0	0	0	0	0	0	0	0
hsa-miR-4434	0	0	0	0	0	0	0	0
hsa-miR-4435	16	10	14	24	18	22	40	29
hsa-miR-4436a	0	0	0	0	0	0	0	0
hsa-miR-4436b-3p	0	1	2	0	0	0	0	1
hsa-miR-4436b-5p	0	0	1	0	0	1	0	0
hsa-miR-4437	0	0	0	0	0	0	0	0
hsa-miR-4438	0	0	0	0	0	0	0	0
hsa-miR-4439	0	0	0	0	1	0	1	0
hsa-miR-4440	0	0	0	1	0	0	0	0
hsa-miR-4441	0	0	0	0	0	0	0	0
hsa-miR-4442	1	3	3	2	11	5	7	10
hsa-miR-4443	2	0	0	3	1	1	0	3
hsa-miR-4444	13	12	5	14	20	24	18	22
hsa-miR-4445-3p	0	0	0	0	0	0	0	0
hsa-miR-4445-5p	0	0	0	0	0	0	0	0
hsa-miR-4446-3p	1698	1758	1449	1285	1144	1577	1336	1469
hsa-miR-4446-5p	4	2	4	0	1	1	3	3
hsa-miR-4447	0	0	0	0	0	0	0	0
hsa-miR-4448	0	0	0	1	0	1	0	0
hsa-miR-4449	1	3	2	3	3	4	2	3
hsa-miR-4450	2	0	0	1	1	0	0	0
hsa-miR-4451	3	0	0	1	0	0	0	1
hsa-miR-4452	0	0	0	0	0	0	0	0
hsa-miR-4453	0	0	2	1	3	2	1	0
hsa-miR-4454	5	1	4	2	2	1	2	1
hsa-miR-4455	0	0	0	0	0	0	0	0
hsa-miR-4456	0	0	0	0	0	0	0	0
hsa-miR-4457	0	0	2	0	0	0	1	0
hsa-miR-4458	3	0	1	1	1	0	0	0
hsa-miR-4459	0	0	0	0	0	0	0	0
hsa-miR-4460	3	1	2	0	0	0	1	0
hsa-miR-4461	20	14	3	8	16	18	14	6
hsa-miR-4462	0	0	0	0	0	0	0	0
hsa-miR-4463	0	0	0	0	0	0	0	0
hsa-miR-4464	0	0	0	0	0	0	0	0
hsa-miR-4465	0	0	0	0	1	0	1	1
hsa-miR-4466	74	131	52	34	8	17	20	11
hsa-miR-4467	3	2	4	3	0	2	2	0
hsa-miR-4468	0	0	0	0	0	0	0	0
hsa-miR-4469	2	0	0	0	0	2	0	0
hsa-miR-4470	0	2	2	0	1	3	4	1
hsa-miR-4471	0	0	0	0	0	1	0	0
hsa-miR-4472	0	0	0	0	0	0	0	0
hsa-miR-4473	10	7	8	4	16	17	9	15
hsa-miR-4474-3p	2	6	3	6	2	15	6	9
hsa-miR-4474-5p	1	0	0	0	2	0	1	0
hsa-miR-4475	0	0	1	0	1	0	0	1
hsa-miR-4476	5	1	1	2	1	0	3	1
hsa-miR-4477a	0	0	1	0	0	0	0	0
hsa-miR-4477b	4	1	3	3	3	5	4	5
hsa-miR-4478	0	0	0	0	0	0	0	0
hsa-miR-4479	13	11	11	7	9	23	10	19
hsa-miR-448	80	54	57	39	29	35	28	22
hsa-miR-4480	0	0	0	0	0	0	0	0
hsa-miR-4481	0	0	0	0	0	0	0	0
hsa-miR-4482-3p	0	0	0	1	0	0	0	0
hsa-miR-4482-5p	0	0	0	0	0	0	0	0
hsa-miR-4483	0	0	0	0	0	0	0	0
hsa-miR-4484	5	0	0	2	1	0	0	0
hsa-miR-4485	24	23	19	16	16	12	24	21
hsa-miR-4486	0	0	0	0	0	0	0	0
hsa-miR-4487	0	0	0	0	0	0	0	0
hsa-miR-4488	0	0	0	0	0	0	0	0
hsa-miR-4489	0	3	1	0	0	0	2	0
hsa-miR-4490	0	0	0	0	0	0	0	0
hsa-miR-4491	0	0	0	0	0	0	0	0
hsa-miR-4492	0	0	0	0	0	1	0	0
hsa-miR-4493	0	0	0	0	0	0	0	0
hsa-miR-4494	0	0	0	0	0	0	0	0
hsa-miR-4495	0	0	0	0	0	0	0	0
hsa-miR-4496	0	0	0	0	0	0	0	0
hsa-miR-4497	1	4	0	0	1	4	3	1
hsa-miR-4498	36	27	17	30	25	43	25	28
hsa-miR-4499	0	0	0	0	0	0	0	0
hsa-miR-449a	13	14	21	7	7	15	9	6
hsa-miR-449b-3p	0	0	0	0	0	0	0	0
hsa-miR-449b-5p	4	2	7	0	0	4	1	2
hsa-miR-449c-3p	0	0	0	0	0	0	0	0
hsa-miR-449c-5p	8	6	10	4	4	9	3	2
hsa-miR-4500	0	0	0	0	0	0	0	0
hsa-miR-4501	13	11	13	7	17	15	13	16
hsa-miR-4502	1	12	0	10	3	3	4	4
hsa-miR-4503	0	0	0	1	0	0	1	0
hsa-miR-4504	20	15	19	36	40	43	32	33
hsa-miR-4505	1	0	0	0	0	1	0	0
hsa-miR-4506	0	0	0	0	0	0	0	0
hsa-miR-4507	0	0	0	0	0	0	0	0
hsa-miR-4508	0	0	0	0	0	0	0	0
hsa-miR-4509	0	1	0	0	1	0	0	0
hsa-miR-450a-1-3p	29	8	18	4	3	4	4	2
hsa-miR-450a-2-3p	23	8	13	7	3	3	4	6
hsa-miR-450a-5p	1135	1070	1322	542	698	881	581	504
hsa-miR-450b-3p	3	5	9	2	5	5	1	1
hsa-miR-450b-5p	4879	4000	3471	3869	5016	4144	4619	3795
hsa-miR-4510	28	19	13	15	32	22	12	19
hsa-miR-4511	4	3	5	7	8	7	2	6
hsa-miR-4512	6	3	1	2	4	12	11	3
hsa-miR-4513	0	0	0	0	0	0	0	0
hsa-miR-4514	0	0	0	0	0	0	0	0
hsa-miR-4515	1	0	1	0	1	3	3	1
hsa-miR-4516	0	0	0	0	0	0	0	0
hsa-miR-4517	20	26	9	9	9	6	9	0
hsa-miR-4518	4	4	0	0	5	0	1	1
hsa-miR-4519	4	2	2	1	0	0	1	2
hsa-miR-451a	18	16	20	2	10	4	5	5
hsa-miR-451b	0	0	0	0	0	0	0	0
hsa-miR-452-3p	2	3	0	1	0	1	1	0
hsa-miR-452-5p	30	47	40	31	32	37	29	40
hsa-miR-4520a-3p	2	2	1	1	3	1	1	2
hsa-miR-4520a-5p	0	0	0	0	0	0	0	0
hsa-miR-4520b-3p	2	5	2	9	7	7	5	11
hsa-miR-4520b-5p	0	0	0	0	0	0	0	0
hsa-miR-4521	98	70	17	8	8	11	11	10
hsa-miR-4522	0	0	1	2	1	0	1	0
hsa-miR-4523	1	2	1	1	1	4	1	2
hsa-miR-4524a-3p	0	2	2	0	1	3	0	0
hsa-miR-4524a-5p	0	0	0	0	0	0	0	0
hsa-miR-4524b-3p	0	0	0	0	0	0	0	0
hsa-miR-4524b-5p	0	0	0	0	0	0	0	0
hsa-miR-4525	31	27	48	25	22	16	8	22
hsa-miR-4526	31	38	33	9	11	20	18	21
hsa-miR-4527	0	0	0	0	0	0	0	0
hsa-miR-4528	0	0	0	0	0	0	0	0
hsa-miR-4529-3p	0	0	0	0	0	0	0	0
hsa-miR-4529-5p	0	0	0	0	0	0	0	0
hsa-miR-4530	0	1	0	0	0	0	0	0
hsa-miR-4531	0	0	0	0	0	0	0	0
hsa-miR-4532	0	0	0	0	0	1	0	0
hsa-miR-4533	0	1	1	0	0	1	0	0
hsa-miR-4534	0	0	0	0	0	0	0	0
hsa-miR-4535	0	0	0	0	0	0	0	0
hsa-miR-4536-3p	0	0	0	0	0	0	1	0
hsa-miR-4536-5p	2	0	0	0	2	0	0	1
hsa-miR-4537	0	0	0	0	0	0	0	0
hsa-miR-4538	0	0	0	0	0	0	0	0
hsa-miR-4539	0	0	0	0	0	0	0	0
hsa-miR-454-3p	6031	2841	3070	1723	1890	1602	2045	2055
hsa-miR-454-5p	971	664	475	507	575	446	746	723
hsa-miR-4540	0	0	0	0	0	0	0	0
hsa-miR-455-3p	146	149	189	97	51	57	49	46
hsa-miR-455-5p	190	159	170	111	154	202	118	109
hsa-miR-4632-3p	0	0	0	0	0	0	0	0
hsa-miR-4632-5p	0	0	0	0	0	0	0	0
hsa-miR-4633-3p	1	0	0	0	0	0	0	1
hsa-miR-4633-5p	1	0	0	0	0	0	1	0
hsa-miR-4634	0	0	0	1	0	2	0	1
hsa-miR-4635	3	5	2	0	1	5	0	6
hsa-miR-4636	4	10	1	5	6	3	4	1
hsa-miR-4637	1	0	1	4	0	2	0	0
hsa-miR-4638-3p	59	47	25	50	52	66	59	73
hsa-miR-4638-5p	5	11	8	1	2	2	6	2
hsa-miR-4639-3p	0	1	0	0	1	1	1	1
hsa-miR-4639-5p	6	1	0	0	1	0	0	0
hsa-miR-4640-3p	5	2	3	2	5	2	0	2
hsa-miR-4640-5p	51	94	46	59	54	105	37	52
hsa-miR-4641	1	2	0	0	0	0	0	0
hsa-miR-4642	3	5	0	3	5	0	2	3
hsa-miR-4643	0	0	0	0	0	0	0	0
hsa-miR-4644	6	9	4	6	1	3	4	6
hsa-miR-4645-3p	5	4	5	4	5	5	9	11
hsa-miR-4645-5p	1	0	0	0	0	0	1	0
hsa-miR-4646-3p	0	1	0	0	2	1	0	1
hsa-miR-4646-5p	5	2	1	3	5	1	0	2
hsa-miR-4647	18	9	11	7	3	7	7	6
hsa-miR-4648	35	24	9	23	18	36	23	20
hsa-miR-4649-3p	0	0	0	0	0	0	0	0
hsa-miR-4649-5p	0	0	0	0	0	0	0	0
hsa-miR-4650-3p	1	0	0	0	0	0	0	0
hsa-miR-4650-5p	0	0	1	0	1	0	0	1
hsa-miR-4651	3	3	1	2	1	5	2	3
hsa-miR-4652-3p	1	0	1	0	1	1	0	1
hsa-miR-4652-5p	25	30	30	25	22	27	30	32
hsa-miR-4653-3p	3	3	2	1	0	3	0	1
hsa-miR-4653-5p	0	0	1	0	1	0	1	2
hsa-miR-4654	101	172	72	119	130	223	152	163
hsa-miR-4655-3p	1	1	0	1	1	1	0	0
hsa-miR-4655-5p	5	5	2	1	3	2	0	5
hsa-miR-4656	2	2	1	0	0	2	0	0
hsa-miR-4657	2	6	2	1	7	9	4	11
hsa-miR-4658	1	2	2	2	6	6	1	1
hsa-miR-4659a-3p	2	3	5	1	5	3	4	4
hsa-miR-4659a-5p	0	0	1	1	0	0	0	0
hsa-miR-4659b-3p	0	0	0	0	0	0	0	0
hsa-miR-4659b-5p	0	0	0	0	0	0	0	0
hsa-miR-466	0	0	1	0	0	0	0	0
hsa-miR-4660	11	20	10	8	24	27	20	24
hsa-miR-4661-3p	0	1	1	0	2	4	2	1
hsa-miR-4661-5p	12	9	7	16	13	23	13	16
hsa-miR-4662a-3p	1	0	1	2	0	0	1	0
hsa-miR-4662a-5p	60	20	21	28	38	21	30	33
hsa-miR-4662b	2	1	1	0	0	0	0	0
hsa-miR-4663	2	0	1	2	1	1	0	1
hsa-miR-4664-3p	18	18	6	19	10	28	15	11
hsa-miR-4664-5p	11	26	11	7	2	4	5	3
hsa-miR-4665-3p	0	0	0	0	0	0	0	0
hsa-miR-4665-5p	12	25	6	2	0	8	2	1
hsa-miR-4666a-3p	0	0	0	3	0	1	0	1
hsa-miR-4666a-5p	2	2	2	2	1	3	2	1
hsa-miR-4666b	0	0	0	0	0	0	0	0
hsa-miR-4667-3p	0	0	1	0	0	0	0	0
hsa-miR-4667-5p	5	4	3	5	5	4	3	0
hsa-miR-4668-3p	4	3	1	0	2	8	3	0
hsa-miR-4668-5p	24	30	18	10	3	19	19	13
hsa-miR-4669	33	49	23	24	33	50	33	40
hsa-miR-4670-3p	0	2	1	2	2	3	1	4
hsa-miR-4670-5p	1	0	1	0	2	3	2	1
hsa-miR-4671-3p	1	0	0	1	0	0	1	0
hsa-miR-4671-5p	0	0	1	0	0	0	0	0
hsa-miR-4672	3	1	0	0	0	3	2	2
hsa-miR-4673	0	2	2	1	0	0	0	2
hsa-miR-4674	7	7	2	7	4	7	5	4
hsa-miR-4675	5	4	7	4	9	13	3	4
hsa-miR-4676-3p	0	0	1	0	0	0	0	0
hsa-miR-4676-5p	1	1	2	0	0	2	0	2
hsa-miR-4677-3p	75	51	33	63	83	65	77	82
hsa-miR-4677-5p	14	14	11	13	25	22	25	17
hsa-miR-4678	0	0	0	0	0	0	0	0
hsa-miR-4679	0	0	0	0	0	0	0	0
hsa-miR-4680-3p	2	5	4	4	2	2	4	0
hsa-miR-4680-5p	1	0	0	0	2	3	0	1
hsa-miR-4681	0	0	0	0	0	0	0	0
hsa-miR-4682	1	0	0	2	0	7	3	3
hsa-miR-4683	1	3	1	0	1	1	1	0
hsa-miR-4684-3p	0	0	0	0	0	0	0	0
hsa-miR-4684-5p	0	0	0	0	0	0	0	0
hsa-miR-4685-3p	0	3	0	0	0	1	2	1
hsa-miR-4685-5p	0	1	2	0	0	0	0	0
hsa-miR-4686	2	3	2	4	1	4	7	2
hsa-miR-4687-3p	20	21	6	7	11	12	8	9
hsa-miR-4687-5p	0	1	0	0	0	0	0	0
hsa-miR-4688	14	11	11	4	3	10	2	5
hsa-miR-4689	1	4	4	4	0	2	0	2
hsa-miR-4690-3p	14	12	15	11	10	15	8	7
hsa-miR-4690-5p	12	17	6	4	4	8	2	1
hsa-miR-4691-3p	5	8	7	5	3	10	16	13
hsa-miR-4691-5p	0	0	0	0	0	1	2	0
hsa-miR-4692	1	0	1	0	1	0	0	1
hsa-miR-4693-3p	0	0	0	0	0	0	0	0
hsa-miR-4693-5p	0	0	0	0	0	0	0	0
hsa-miR-4694-3p	0	0	0	1	0	0	0	0
hsa-miR-4694-5p	0	0	0	0	0	0	0	0
hsa-miR-4695-3p	1	0	1	3	1	1	0	1
hsa-miR-4695-5p	1	0	1	0	0	1	0	0
hsa-miR-4696	0	0	0	0	0	0	0	0
hsa-miR-4697-3p	3	2	2	1	0	4	1	4
hsa-miR-4697-5p	0	0	2	0	1	0	0	0
hsa-miR-4698	3	4	3	5	6	7	2	4
hsa-miR-4699-3p	1	2	1	0	0	0	1	1
hsa-miR-4699-5p	2	0	1	0	0	0	2	0
hsa-miR-4700-3p	4	0	0	0	0	0	1	1
hsa-miR-4700-5p	2	7	2	10	6	9	9	11
hsa-miR-4701-3p	1	1	2	1	0	0	0	1
hsa-miR-4701-5p	0	0	0	0	0	0	0	0
hsa-miR-4703-3p	0	0	0	0	0	0	0	0
hsa-miR-4703-5p	0	1	0	2	0	2	1	0
hsa-miR-4704-3p	0	0	0	0	0	0	0	0
hsa-miR-4704-5p	0	0	0	0	0	0	0	0
hsa-miR-4705	0	0	0	0	0	0	0	0
hsa-miR-4706	3	0	2	3	0	5	1	2
hsa-miR-4707-3p	14	6	10	5	6	9	2	2
hsa-miR-4707-5p	205	242	56	115	76	171	76	76
hsa-miR-4708-3p	0	1	0	0	0	0	0	0
hsa-miR-4708-5p	1	0	0	0	0	0	0	0
hsa-miR-4709-3p	1	2	2	0	3	1	0	0
hsa-miR-4709-5p	2	0	3	0	0	2	0	0
hsa-miR-4710	0	0	0	0	0	0	0	0
hsa-miR-4711-3p	0	0	0	0	0	0	0	0
hsa-miR-4711-5p	0	0	0	0	0	1	0	0
hsa-miR-4712-3p	4	7	1	4	5	0	5	7
hsa-miR-4712-5p	1	1	0	1	0	0	0	0
hsa-miR-4713-3p	11	15	6	6	12	14	7	13
hsa-miR-4713-5p	12	14	10	4	10	5	5	3
hsa-miR-4714-3p	26	19	19	22	35	37	23	22
hsa-miR-4714-5p	0	3	2	1	0	5	4	1
hsa-miR-4715-3p	0	0	0	0	0	0	0	0
hsa-miR-4715-5p	2	0	0	0	1	0	0	2
hsa-miR-4716-3p	2	0	0	1	0	0	0	0
hsa-miR-4716-5p	0	0	1	0	0	1	0	0
hsa-miR-4717-3p	4	2	0	2	2	1	4	1
hsa-miR-4717-5p	3	4	3	6	2	2	1	3
hsa-miR-4718	1	0	0	0	0	0	0	0
hsa-miR-4719	0	0	0	0	0	0	0	0
hsa-miR-4720-3p	1	1	0	0	0	0	1	1
hsa-miR-4720-5p	0	0	2	1	9	5	3	1
hsa-miR-4721	10	10	5	6	6	12	12	10
hsa-miR-4722-3p	0	0	0	0	0	1	0	0
hsa-miR-4722-5p	3	7	13	8	12	11	4	5
hsa-miR-4723-3p	0	1	0	1	1	1	0	0
hsa-miR-4723-5p	4	6	3	1	2	1	2	0
hsa-miR-4724-3p	0	0	0	0	0	0	0	0
hsa-miR-4724-5p	3	5	6	10	16	23	15	11
hsa-miR-4725-3p	17	31	22	16	5	16	5	9
hsa-miR-4725-5p	2	5	0	0	0	1	3	1
hsa-miR-4726-3p	0	3	0	0	0	1	0	1
hsa-miR-4726-5p	12	17	9	5	7	12	8	1
hsa-miR-4727-3p	2	3	2	2	1	2	0	2
hsa-miR-4727-5p	2	0	0	3	2	1	0	1
hsa-miR-4728-3p	9	11	5	5	8	7	14	7
hsa-miR-4728-5p	6	10	7	2	6	2	2	4
hsa-miR-4729	0	1	0	0	0	0	0	0
hsa-miR-4730	1	1	0	0	2	0	1	1
hsa-miR-4731-3p	0	0	0	0	0	0	0	0
hsa-miR-4731-5p	1	0	0	0	0	0	0	0
hsa-miR-4732-3p	0	0	0	0	0	0	0	0
hsa-miR-4732-5p	0	0	0	0	0	0	0	0
hsa-miR-4733-3p	5	8	6	2	4	8	4	5
hsa-miR-4733-5p	3	1	3	5	2	6	2	3
hsa-miR-4734	0	2	1	1	2	1	0	0
hsa-miR-4735-3p	1	0	0	0	0	1	0	0
hsa-miR-4735-5p	0	0	0	0	0	0	0	0
hsa-miR-4736	0	0	0	0	0	0	0	0
hsa-miR-4737	0	0	0	0	0	0	0	0
hsa-miR-4738-3p	17	7	3	4	11	23	12	17
hsa-miR-4738-5p	0	1	0	0	0	0	0	0
hsa-miR-4739	0	0	0	0	0	0	1	0
hsa-miR-4740-3p	0	0	0	0	0	0	0	0
hsa-miR-4740-5p	0	0	0	0	0	0	0	0
hsa-miR-4741	1	3	1	0	1	1	1	0
hsa-miR-4742-3p	63	77	44	114	97	74	105	112
hsa-miR-4742-5p	10	7	8	5	7	1	2	3
hsa-miR-4743-3p	4	1	0	1	2	3	2	0
hsa-miR-4743-5p	4	7	3	4	6	8	1	1
hsa-miR-4744	0	0	0	0	0	0	0	0
hsa-miR-4745-3p	16	19	24	12	10	23	16	16
hsa-miR-4745-5p	126	199	45	123	85	153	98	87
hsa-miR-4746-3p	0	0	0	0	0	0	0	0
hsa-miR-4746-5p	133	126	103	156	193	243	205	202
hsa-miR-4747-3p	1	0	2	1	0	1	0	2
hsa-miR-4747-5p	4	4	11	2	3	5	1	3
hsa-miR-4748	9	6	4	0	1	0	2	1
hsa-miR-4749-3p	0	0	0	0	2	2	0	0
hsa-miR-4749-5p	1	2	1	2	3	0	0	0
hsa-miR-4750-3p	1	0	1	0	1	1	3	0
hsa-miR-4750-5p	0	3	8	0	1	1	2	1
hsa-miR-4751	0	1	1	3	3	1	4	4
hsa-miR-4752	0	0	0	0	0	0	0	0
hsa-miR-4753-3p	0	1	2	1	0	3	2	0
hsa-miR-4753-5p	4	7	6	2	5	1	8	3
hsa-miR-4754	3	4	3	4	0	1	3	2
hsa-miR-4755-3p	1	0	1	2	2	6	0	2
hsa-miR-4755-5p	0	0	0	1	0	0	0	0
hsa-miR-4756-3p	1	1	1	0	0	1	0	0
hsa-miR-4756-5p	4	3	1	5	4	3	3	2
hsa-miR-4757-3p	3	4	4	1	1	0	0	1
hsa-miR-4757-5p	5	6	0	2	1	4	0	4
hsa-miR-4758-3p	5	2	6	2	5	2	3	8
hsa-miR-4758-5p	2	8	1	3	0	6	3	2
hsa-miR-4759	0	0	0	0	0	0	0	0
hsa-miR-4760-3p	5	2	2	2	1	3	3	2
hsa-miR-4760-5p	428	371	511	561	612	677	573	468
hsa-miR-4761-3p	0	1	0	1	0	0	0	1
hsa-miR-4761-5p	0	0	0	1	1	0	0	0
hsa-miR-4762-3p	4	2	3	2	7	1	4	3
hsa-miR-4762-5p	0	2	1	2	3	3	2	3
hsa-miR-4763-3p	8	8	8	7	0	1	2	1
hsa-miR-4763-5p	2	1	2	2	0	2	1	1
hsa-miR-4764-3p	1	0	0	0	0	2	0	1
hsa-miR-4764-5p	9	6	9	7	6	11	7	11
hsa-miR-4765	2	0	0	0	2	2	1	3
hsa-miR-4766-3p	1	5	1	4	4	0	1	1
hsa-miR-4766-5p	2	4	4	1	9	7	6	2
hsa-miR-4767	2	1	0	2	1	5	3	1
hsa-miR-4768-3p	0	1	0	0	0	0	0	1
hsa-miR-4768-5p	7	4	2	3	7	7	4	5
hsa-miR-4769-3p	0	1	2	0	1	0	1	0
hsa-miR-4769-5p	1	0	2	0	2	3	1	0
hsa-miR-4770	0	0	0	0	0	0	0	0
hsa-miR-4771	0	0	0	0	0	0	0	0
hsa-miR-4772-3p	0	0	0	0	0	0	0	0
hsa-miR-4772-5p	0	0	0	0	0	0	0	0
hsa-miR-4773	0	0	0	0	0	0	0	0
hsa-miR-4774-3p	0	0	0	0	0	0	0	0
hsa-miR-4774-5p	2	2	1	4	3	3	3	7
hsa-miR-4775	11	13	10	8	12	5	17	8
hsa-miR-4776-3p	0	0	0	0	0	0	0	0
hsa-miR-4776-5p	0	0	0	0	0	1	0	0
hsa-miR-4777-3p	1	0	0	0	0	0	0	0
hsa-miR-4777-5p	0	1	0	0	0	0	2	0
hsa-miR-4778-3p	8	7	13	10	12	10	12	5
hsa-miR-4778-5p	28	24	21	28	24	29	28	22
hsa-miR-4779	0	4	0	0	0	1	0	2
hsa-miR-4780	0	0	0	0	0	0	0	0
hsa-miR-4781-3p	5	7	4	5	11	17	6	20
hsa-miR-4781-5p	0	0	0	0	0	1	0	0
hsa-miR-4782-3p	0	0	0	0	0	0	0	0
hsa-miR-4782-5p	1	0	0	1	0	0	0	0
hsa-miR-4783-3p	0	7	0	2	1	5	3	2
hsa-miR-4783-5p	0	0	0	0	0	0	0	0
hsa-miR-4784	12	11	7	19	22	27	24	14
hsa-miR-4785	3	0	1	0	1	2	0	0
hsa-miR-4786-3p	5	0	4	4	2	2	1	2
hsa-miR-4786-5p	7	11	4	10	9	9	14	25
hsa-miR-4787-3p	7	5	10	6	2	3	2	4
hsa-miR-4787-5p	0	0	0	0	0	0	0	1
hsa-miR-4788	1	0	0	0	0	1	0	1
hsa-miR-4789-3p	0	0	0	0	0	0	0	0
hsa-miR-4789-5p	3	2	0	2	0	6	0	0
hsa-miR-4790-3p	0	0	1	1	0	0	1	0
hsa-miR-4790-5p	0	0	0	0	0	2	1	0
hsa-miR-4791	20	21	16	14	22	24	7	11
hsa-miR-4792	0	1	1	0	0	0	0	1
hsa-miR-4793-3p	6	3	1	3	4	10	5	3
hsa-miR-4793-5p	0	0	0	0	0	0	0	0
hsa-miR-4794	2	1	0	0	0	0	1	0
hsa-miR-4795-3p	1	1	2	0	3	1	1	3
hsa-miR-4795-5p	1	2	1	1	3	2	2	0
hsa-miR-4796-3p	0	0	0	0	0	0	0	0
hsa-miR-4796-5p	0	0	0	0	0	0	0	0
hsa-miR-4797-3p	2	1	4	5	1	3	5	4
hsa-miR-4797-5p	1	0	2	1	2	1	2	3
hsa-miR-4798-3p	0	0	0	0	1	2	0	0
hsa-miR-4798-5p	24	11	11	22	29	35	25	27
hsa-miR-4799-3p	0	0	2	0	0	0	0	0
hsa-miR-4799-5p	5	1	1	4	4	2	3	5
hsa-miR-4800-3p	0	0	0	0	0	0	0	0
hsa-miR-4800-5p	0	1	0	0	0	1	1	0
hsa-miR-4801	0	0	0	0	0	0	0	0
hsa-miR-4802-3p	145	140	121	117	126	106	133	120
hsa-miR-4802-5p	13	8	22	7	10	14	7	6
hsa-miR-4803	0	0	0	0	0	0	0	0
hsa-miR-4804-3p	0	0	0	1	0	0	0	0
hsa-miR-4804-5p	28	41	17	30	18	29	17	19
hsa-miR-483-3p	4	0	0	1	1	1	1	1
hsa-miR-483-5p	63	55	37	49	40	53	28	38
hsa-miR-484	1139	1318	1364	758	950	1071	854	936
hsa-miR-485-3p	3	1	0	1	2	0	0	0
hsa-miR-485-5p	2	0	1	0	0	0	0	0
hsa-miR-486-3p	14	8	26	12	10	11	6	2
hsa-miR-486-5p	106	103	49	131	174	184	157	154
hsa-miR-487a-3p	0	1	0	1	0	0	0	0
hsa-miR-487a-5p	0	0	0	0	0	0	0	0
hsa-miR-487b-3p	0	0	2	0	1	0	0	0
hsa-miR-487b-5p	0	0	0	0	0	0	0	0
hsa-miR-488-3p	0	0	0	0	0	0	2	0
hsa-miR-488-5p	0	0	0	0	0	0	0	0
hsa-miR-489-3p	2284	2103	2711	1982	2010	1588	1840	1726
hsa-miR-489-5p	2	5	2	4	2	4	2	2
hsa-miR-490-3p	0	0	0	0	0	0	0	0
hsa-miR-490-5p	0	0	0	0	0	0	0	0
hsa-miR-491-3p	5	8	4	3	2	1	6	3
hsa-miR-491-5p	34	40	40	39	27	33	36	39
hsa-miR-492	2	0	2	0	0	2	2	0
hsa-miR-493-3p	0	0	1	3	1	0	3	3
hsa-miR-493-5p	6	4	3	4	7	5	4	5
hsa-miR-494-3p	34	30	37	19	14	10	3	4
hsa-miR-494-5p	0	0	0	0	0	0	0	0
hsa-miR-495-3p	2	0	0	0	0	0	0	0
hsa-miR-495-5p	0	0	0	1	0	0	1	0
hsa-miR-496	0	0	0	0	0	0	0	0
hsa-miR-497-3p	16	16	26	16	21	9	17	8
hsa-miR-497-5p	186	196	278	92	129	150	145	171
hsa-miR-498	1	1	4	1	3	0	2	1
hsa-miR-4999-3p	4	4	1	0	0	3	1	1
hsa-miR-4999-5p	3	11	2	9	8	15	7	15
hsa-miR-499a-3p	1	0	1	0	1	0	0	0
hsa-miR-499a-5p	52	34	56	17	29	34	29	17
hsa-miR-499b-3p	0	0	0	0	0	0	0	0
hsa-miR-499b-5p	0	3	0	0	1	0	0	0
hsa-miR-5000-3p	10	7	8	9	10	17	9	8
hsa-miR-5000-5p	1	1	2	0	1	3	0	0
hsa-miR-5001-3p	12	11	8	2	11	30	11	16
hsa-miR-5001-5p	33	40	20	34	32	75	39	34
hsa-miR-5002-3p	0	0	0	0	0	0	0	0
hsa-miR-5002-5p	0	2	2	2	0	3	2	0
hsa-miR-5003-3p	28	44	9	28	30	26	34	34
hsa-miR-5003-5p	27	24	9	5	7	3	9	7
hsa-miR-5004-3p	6	0	4	0	7	5	5	1
hsa-miR-5004-5p	1	0	1	0	2	1	0	0
hsa-miR-5006-3p	3	1	1	1	0	1	0	0
hsa-miR-5006-5p	5	2	1	0	1	1	0	0
hsa-miR-5007-3p	0	0	0	0	0	0	0	0
hsa-miR-5007-5p	0	0	0	0	0	0	0	0
hsa-miR-5008-3p	6	5	4	4	3	6	2	3
hsa-miR-5008-5p	42	71	52	37	34	52	25	37
hsa-miR-5009-3p	0	0	0	0	0	0	0	0
hsa-miR-5009-5p	20	22	11	29	29	28	30	32
hsa-miR-500a-3p	970	1009	591	620	665	879	637	711
hsa-miR-500a-5p	232	253	158	147	173	215	197	209
hsa-miR-500b-3p	18	16	3	8	10	10	14	18
hsa-miR-500b-5p	246	279	192	147	182	208	223	242
hsa-miR-501-3p	716	672	360	426	451	521	439	533
hsa-miR-501-5p	352	374	241	176	245	320	273	288
hsa-miR-5010-3p	15	9	8	1	11	2	6	7
hsa-miR-5010-5p	16	9	17	10	9	8	4	7
hsa-miR-5011-3p	0	0	0	0	0	0	0	0
hsa-miR-5011-5p	0	0	0	0	0	0	0	0
hsa-miR-502-3p	327	320	214	137	207	296	219	263
hsa-miR-502-5p	45	46	40	31	23	30	29	45
hsa-miR-503-3p	1067	1340	178	260	293	334	155	186
hsa-miR-503-5p	4298	2645	4883	2983	2525	3019	1144	1329
hsa-miR-504-3p	10	11	4	7	3	2	1	4
hsa-miR-504-5p	20	25	11	6	12	11	13	9
hsa-miR-5047	0	0	0	0	0	0	1	0
hsa-miR-505-3p	921	840	679	549	468	537	432	485
hsa-miR-505-5p	153	190	112	74	45	53	43	46
hsa-miR-506-3p	2	1	4	4	12	0	3	2
hsa-miR-506-5p	0	0	0	0	0	0	0	0
hsa-miR-507	0	0	0	0	0	0	0	0
hsa-miR-508-3p	7	5	7	6	8	10	12	9
hsa-miR-508-5p	0	0	1	0	0	0	0	0
hsa-miR-5087	1	2	1	3	1	5	3	1
hsa-miR-5088-3p	0	0	0	0	0	0	0	0
hsa-miR-5088-5p	18	18	5	3	13	9	13	10
hsa-miR-5089-3p	0	0	0	0	0	0	2	0
hsa-miR-5089-5p	1	0	2	0	0	1	1	0
hsa-miR-509-3-5p	1	0	0	0	0	0	0	1
hsa-miR-509-3p	1	3	0	4	7	7	5	6
hsa-miR-509-5p	0	0	0	0	0	1	0	0
hsa-miR-5090	19	8	11	5	8	10	8	10
hsa-miR-5091	5	6	12	7	8	8	4	9
hsa-miR-5092	0	0	0	0	1	0	0	0
hsa-miR-5093	0	1	1	0	0	0	0	1
hsa-miR-5094	17	20	11	15	18	32	20	22
hsa-miR-5095	0	0	0	0	0	0	0	0
hsa-miR-5096	0	0	0	0	0	0	0	0
hsa-miR-510-3p	0	0	0	0	0	0	0	0
hsa-miR-510-5p	0	0	0	0	0	0	0	0
hsa-miR-5100	0	4	2	0	1	0	1	1
hsa-miR-511-3p	1	0	0	2	0	1	0	0
hsa-miR-511-5p	0	0	0	0	0	1	0	0
hsa-miR-512-3p	45	59	103	52	42	72	57	67
hsa-miR-512-5p	2	0	1	0	1	0	0	0
hsa-miR-513a-3p	0	0	0	0	0	1	0	0
hsa-miR-513a-5p	0	0	0	0	0	0	0	0
hsa-miR-513b-3p	0	0	0	0	0	0	0	0
hsa-miR-513b-5p	2	1	0	0	0	0	0	0
hsa-miR-513c-3p	0	0	0	0	0	0	0	0
hsa-miR-513c-5p	1	1	2	0	1	2	0	0
hsa-miR-514a-3p	1	2	2	3	1	1	8	1
hsa-miR-514a-5p	0	0	0	0	0	0	0	1
hsa-miR-514b-3p	0	1	0	0	0	0	0	0
hsa-miR-514b-5p	0	0	0	0	0	0	0	0
hsa-miR-515-3p	0	1	4	1	0	4	2	0
hsa-miR-515-5p	5	1	7	2	1	1	2	2
hsa-miR-516a-3p	3	0	2	1	1	0	3	0
hsa-miR-516a-5p	281	162	216	181	255	322	218	264
hsa-miR-516b-3p	1	1	1	1	0	0	1	0
hsa-miR-516b-5p	35	43	35	26	32	35	52	44
hsa-miR-517-5p	1	1	0	0	1	0	1	2
hsa-miR-517a-3p	4	4	5	5	1	4	1	1
hsa-miR-517b-3p	7	3	6	3	2	5	5	1
hsa-miR-517c-3p	1	2	4	1	0	1	1	1
hsa-miR-5186	0	0	0	0	0	0	0	0
hsa-miR-5187-3p	2	2	1	2	1	2	0	1
hsa-miR-5187-5p	52	54	25	36	11	45	36	36
hsa-miR-5188	1	1	0	0	5	2	2	0
hsa-miR-5189-3p	1	2	4	4	1	2	2	2
hsa-miR-5189-5p	9	9	6	13	8	17	8	9
hsa-miR-518a-3p	1	0	1	1	1	2	1	2
hsa-miR-518a-5p	6	10	9	2	3	9	4	15
hsa-miR-518b	29	18	34	32	35	15	42	22
hsa-miR-518c-3p	0	0	0	1	0	0	0	3
hsa-miR-518c-5p	1	0	0	0	1	1	1	0
hsa-miR-518d-3p	1	3	1	0	1	0	0	0
hsa-miR-518d-5p	1	0	1	0	0	0	0	0
hsa-miR-518e-3p	1	0	1	1	0	1	0	0
hsa-miR-518e-5p	15	14	7	12	12	22	23	15
hsa-miR-518f-3p	2	0	3	1	1	3	3	0
hsa-miR-518f-5p	0	1	0	0	0	1	0	0
hsa-miR-5190	0	0	1	0	0	1	0	0
hsa-miR-5191	0	0	0	1	0	0	0	1
hsa-miR-5192	0	0	0	0	0	0	0	0
hsa-miR-5193	0	0	0	0	0	0	0	0
hsa-miR-5194	3	7	3	1	0	6	0	3
hsa-miR-5195-3p	1	0	0	0	0	0	0	0
hsa-miR-5195-5p	0	0	0	0	0	0	0	0
hsa-miR-5196-3p	0	0	0	0	0	0	0	0
hsa-miR-5196-5p	0	0	0	0	0	0	0	0
hsa-miR-5197-3p	0	0	0	0	0	0	0	0
hsa-miR-5197-5p	0	0	0	0	0	0	0	0
hsa-miR-519a-3p	140	94	133	69	46	46	58	53
hsa-miR-519a-5p	308	361	266	237	223	277	292	286
hsa-miR-519b-3p	3	0	2	0	2	2	2	0
hsa-miR-519b-5p	14	20	11	10	18	12	16	25
hsa-miR-519c-3p	2	6	9	2	3	1	8	2
hsa-miR-519c-5p	17	13	6	19	15	17	16	21
hsa-miR-519d-3p	0	0	1	0	1	0	1	0
hsa-miR-519d-5p	1	0	1	0	1	3	0	0
hsa-miR-519e-3p	2	1	0	1	0	0	0	0
hsa-miR-519e-5p	0	0	0	0	0	0	0	0
hsa-miR-520a-3p	0	1	1	1	2	1	2	2
hsa-miR-520a-5p	1	0	1	0	1	1	1	0
hsa-miR-520b	5	0	2	1	1	1	0	1
hsa-miR-520c-3p	5	2	2	2	0	1	0	0
hsa-miR-520c-5p	0	0	0	0	0	0	0	1
hsa-miR-520d-3p	5	8	2	7	4	15	5	8
hsa-miR-520d-5p	2	3	0	0	0	0	0	0
hsa-miR-520e	0	1	2	0	0	0	0	0
hsa-miR-520f-3p	9	11	20	14	11	13	12	8
hsa-miR-520f-5p	0	0	0	0	2	0	0	0
hsa-miR-520g-3p	4	1	1	2	3	4	2	1
hsa-miR-520g-5p	0	0	0	1	0	0	0	0
hsa-miR-520h	1	2	2	0	1	0	1	0
hsa-miR-521	23	24	20	7	11	10	11	11
hsa-miR-522-3p	336	332	355	163	159	177	186	196
hsa-miR-522-5p	16	16	9	13	16	18	27	30
hsa-miR-523-3p	2	1	0	1	1	2	0	1
hsa-miR-523-5p	19	21	5	12	23	25	22	22
hsa-miR-524-3p	0	0	0	0	1	0	0	0
hsa-miR-524-5p	1	0	0	1	0	0	0	0
hsa-miR-525-3p	0	0	0	0	0	0	0	0
hsa-miR-525-5p	0	0	2	1	1	0	2	1
hsa-miR-526a	0	1	1	0	0	0	0	1
hsa-miR-526b-3p	1	1	1	0	0	2	0	0
hsa-miR-526b-5p	3	0	2	2	3	0	0	2
hsa-miR-527	3	11	5	1	3	4	3	0
hsa-miR-532-3p	129	164	111	74	81	72	79	95
hsa-miR-532-5p	2684	2465	1078	2483	3257	4024	3236	3474
hsa-miR-539-3p	0	0	2	1	1	0	0	0
hsa-miR-539-5p	1	1	0	2	1	1	0	1
hsa-miR-541-3p	0	0	0	0	1	0	0	0
hsa-miR-541-5p	0	0	0	0	1	0	0	0
hsa-miR-542-3p	9600	8131	7979	7090	8761	11023	7178	6509
hsa-miR-542-5p	1039	1177	863	828	740	1047	676	691
hsa-miR-543	0	2	0	0	0	0	0	0
hsa-miR-544a	0	0	0	0	0	0	0	0
hsa-miR-544b	8	12	12	3	2	3	7	7
hsa-miR-545-3p	55	32	32	24	18	27	28	17
hsa-miR-545-5p	83	57	76	34	41	33	46	44
hsa-miR-548a-3p	11	9	9	13	28	24	21	27
hsa-miR-548a-5p	1	0	0	0	0	0	1	0
hsa-miR-548aa	0	0	0	0	0	0	0	0
hsa-miR-548ab	0	0	1	2	0	1	0	0
hsa-miR-548ac	3	3	1	2	2	1	1	4
hsa-miR-548ad	0	0	0	0	0	0	0	0
hsa-miR-548ae	0	0	0	0	0	0	0	0
hsa-miR-548ag	0	0	0	0	0	1	0	0
hsa-miR-548ah-3p	0	0	0	0	0	0	2	0
hsa-miR-548ah-5p	5	3	4	3	11	5	4	2
hsa-miR-548ai	3	0	0	1	0	0	0	1
hsa-miR-548aj-3p	0	1	0	0	0	0	0	0
hsa-miR-548aj-5p	0	0	0	1	0	1	0	0
hsa-miR-548ak	1	0	0	0	1	0	0	0
hsa-miR-548al	3	2	6	4	5	1	3	3
hsa-miR-548am-3p	0	1	1	0	0	0	1	2
hsa-miR-548am-5p	0	0	0	0	1	0	0	0
hsa-miR-548an	0	0	0	0	0	1	0	0
hsa-miR-548ao-3p	0	0	0	0	0	0	0	0
hsa-miR-548ao-5p	0	0	0	0	0	0	0	0
hsa-miR-548ap-3p	4	1	1	0	0	0	0	1
hsa-miR-548ap-5p	0	0	0	0	0	0	0	0
hsa-miR-548aq-3p	0	0	0	0	0	0	0	0
hsa-miR-548aq-5p	0	0	1	1	0	1	0	0
hsa-miR-548ar-3p	5	2	2	5	3	0	2	4
hsa-miR-548ar-5p	0	0	1	0	0	0	0	0
hsa-miR-548as-3p	0	0	0	0	0	0	0	0
hsa-miR-548as-5p	0	0	0	0	0	0	0	0
hsa-miR-548at-3p	0	1	1	0	1	1	0	0
hsa-miR-548at-5p	4	2	1	2	1	2	3	3
hsa-miR-548au-3p	9	6	5	6	4	5	11	5
hsa-miR-548au-5p	0	0	1	0	1	0	0	1
hsa-miR-548av-3p	0	0	0	0	1	0	0	0
hsa-miR-548av-5p	0	0	1	0	0	0	0	0
hsa-miR-548aw	65	40	43	53	68	82	72	65
hsa-miR-548ax	0	0	0	0	0	0	0	0
hsa-miR-548ay-3p	16	24	12	15	18	17	12	17
hsa-miR-548ay-5p	2	0	0	0	2	1	4	0
hsa-miR-548az-3p	2	2	1	4	8	1	4	6
hsa-miR-548az-5p	90	93	73	117	203	209	176	161
hsa-miR-548b-3p	15	14	5	7	8	10	11	12
hsa-miR-548b-5p	0	0	0	3	3	1	1	2
hsa-miR-548ba	0	1	4	2	3	10	4	1
hsa-miR-548c-3p	0	0	0	0	0	0	0	0
hsa-miR-548c-5p	0	0	0	0	0	0	0	0
hsa-miR-548d-3p	38	18	20	12	12	16	23	11
hsa-miR-548d-5p	1	2	2	1	3	2	3	1
hsa-miR-548e-3p	191	116	228	110	103	71	66	79
hsa-miR-548e-5p	9	8	9	4	3	7	2	6
hsa-miR-548f-3p	41	31	23	35	49	28	33	34
hsa-miR-548f-5p	10	6	3	4	5	9	3	14
hsa-miR-548g-3p	0	0	0	0	0	0	0	0
hsa-miR-548g-5p	0	0	0	0	1	0	0	0
hsa-miR-548h-3p	0	0	0	0	0	0	0	0
hsa-miR-548h-5p	29	18	16	25	34	18	24	29
hsa-miR-548i	0	1	0	0	0	0	0	0
hsa-miR-548j-3p	3	1	3	2	2	5	3	3
hsa-miR-548j-5p	112	111	78	105	94	113	102	108
hsa-miR-548k	151	86	136	92	57	63	51	59
hsa-miR-548l	31	25	22	20	22	14	26	20
hsa-miR-548m	0	0	0	0	0	0	0	0
hsa-miR-548n	17	13	7	11	11	11	7	7
hsa-miR-548o-3p	47	31	26	42	42	47	50	39
hsa-miR-548o-5p	0	0	0	0	0	0	0	0
hsa-miR-548p	0	0	0	0	0	0	0	0
hsa-miR-548q	17	13	18	8	10	12	13	8
hsa-miR-548s	0	1	1	1	0	0	0	0
hsa-miR-548t-3p	0	0	0	0	1	1	1	1
hsa-miR-548t-5p	11	10	4	4	14	20	8	7
hsa-miR-548u	4	1	5	4	2	4	4	5
hsa-miR-548v	0	2	1	0	2	1	2	1
hsa-miR-548w	0	0	0	2	1	1	0	0
hsa-miR-548x-3p	0	0	0	1	0	0	0	0
hsa-miR-548x-5p	0	0	0	0	0	1	0	0
hsa-miR-548y	0	0	2	0	0	1	1	0
hsa-miR-548z	0	0	0	0	0	0	0	0
hsa-miR-549a	4	8	3	2	8	7	5	3
hsa-miR-550a-3-5p	3	6	7	3	9	9	6	4
hsa-miR-550a-3p	19	12	23	8	11	16	19	15
hsa-miR-550a-5p	93	112	129	51	55	82	68	53
hsa-miR-550b-2-5p	0	0	0	0	0	0	0	0
hsa-miR-550b-3p	1	0	0	0	0	0	0	0
hsa-miR-551a	7	11	17	2	3	5	2	2
hsa-miR-551b-3p	1	2	3	0	2	0	0	1
hsa-miR-551b-5p	0	2	0	0	0	0	0	0
hsa-miR-552-3p	1	0	1	0	0	2	0	0
hsa-miR-552-5p	0	0	1	0	1	0	0	0
hsa-miR-553	0	0	0	0	0	0	0	0
hsa-miR-554	0	0	0	0	0	0	0	0
hsa-miR-555	0	0	0	0	0	0	0	0
hsa-miR-556-3p	44	20	19	12	24	13	18	17
hsa-miR-556-5p	281	220	168	180	196	207	200	190
hsa-miR-557	0	0	0	0	0	0	0	0
hsa-miR-5571-3p	0	0	0	0	0	0	0	0
hsa-miR-5571-5p	0	0	0	0	0	0	0	0
hsa-miR-5572	0	0	0	0	0	0	0	0
hsa-miR-5579-3p	1	0	2	0	4	5	4	0
hsa-miR-5579-5p	1	1	0	0	0	2	0	0
hsa-miR-558	0	0	0	0	0	0	0	0
hsa-miR-5580-3p	0	0	0	0	0	3	1	1
hsa-miR-5580-5p	0	0	3	2	3	5	4	8
hsa-miR-5581-3p	3	6	0	2	8	3	3	3
hsa-miR-5581-5p	0	0	1	0	0	0	0	0
hsa-miR-5582-3p	22	22	19	12	11	18	23	14
hsa-miR-5582-5p	3	0	1	0	1	0	0	1
hsa-miR-5583-3p	4	10	1	2	1	2	2	2
hsa-miR-5583-5p	0	0	0	1	0	0	0	0
hsa-miR-5584-3p	0	0	0	0	0	0	0	0
hsa-miR-5584-5p	0	0	0	1	1	0	0	0
hsa-miR-5585-3p	0	0	0	0	0	0	0	0
hsa-miR-5585-5p	0	0	0	0	0	0	0	0
hsa-miR-5586-3p	0	1	0	0	0	0	0	0
hsa-miR-5586-5p	0	2	0	0	1	0	0	0
hsa-miR-5587-3p	5	4	4	3	5	5	9	4
hsa-miR-5587-5p	4	2	4	2	1	2	1	1
hsa-miR-5588-3p	0	0	0	0	1	1	2	0
hsa-miR-5588-5p	2	2	2	5	2	2	3	2
hsa-miR-5589-3p	0	0	0	0	0	0	0	0
hsa-miR-5589-5p	0	0	0	0	0	0	0	0
hsa-miR-559	3	1	2	0	0	1	0	1
hsa-miR-5590-3p	0	0	0	0	0	0	0	0
hsa-miR-5590-5p	0	0	0	0	0	0	0	0
hsa-miR-5591-3p	0	0	0	0	0	0	0	0
hsa-miR-5591-5p	0	0	0	0	0	0	0	0
hsa-miR-561-3p	4	0	1	0	2	1	1	1
hsa-miR-561-5p	33	30	13	32	33	37	39	33
hsa-miR-562	0	0	0	0	0	0	0	0
hsa-miR-563	0	0	0	0	0	0	0	0
hsa-miR-564	1	0	0	0	0	0	0	0
hsa-miR-566	0	0	0	0	0	0	0	0
hsa-miR-567	0	0	0	0	0	0	0	0
hsa-miR-568	0	0	0	0	0	0	0	0
hsa-miR-5680	11	8	12	18	12	17	16	10
hsa-miR-5681a	0	0	0	0	0	0	0	0
hsa-miR-5681b	0	0	2	0	0	0	0	0
hsa-miR-5682	4	4	0	0	0	2	4	3
hsa-miR-5683	6	3	3	5	21	9	10	9
hsa-miR-5684	9	5	9	5	9	11	13	5
hsa-miR-5685	0	0	0	1	0	0	0	0
hsa-miR-5687	0	1	0	0	0	0	0	0
hsa-miR-5688	1	1	1	1	2	2	0	1
hsa-miR-5689	5	4	1	2	9	2	6	2
hsa-miR-569	0	0	0	0	0	0	0	0
hsa-miR-5690	4	3	2	4	0	0	2	3
hsa-miR-5691	4	3	4	2	0	4	2	1
hsa-miR-5692a	0	0	0	0	0	0	0	0
hsa-miR-5692b	0	0	0	0	0	0	0	0
hsa-miR-5692c	0	0	0	0	0	0	0	0
hsa-miR-5693	0	0	0	0	0	0	0	0
hsa-miR-5694	0	2	0	0	0	2	0	1
hsa-miR-5695	5	4	11	3	1	1	8	3
hsa-miR-5696	1	3	3	3	4	2	7	5
hsa-miR-5697	11	13	9	18	6	11	14	12
hsa-miR-5698	0	4	3	2	4	3	4	1
hsa-miR-5699-3p	169	203	180	152	182	283	183	213
hsa-miR-5699-5p	106	74	78	80	76	81	76	60
hsa-miR-570-3p	12	6	17	8	10	11	8	7
hsa-miR-570-5p	3	0	1	0	0	0	0	1
hsa-miR-5700	0	0	0	0	0	0	0	0
hsa-miR-5701	0	0	0	0	0	0	0	0
hsa-miR-5702	0	0	0	0	0	0	0	0
hsa-miR-5703	1	0	0	2	2	1	4	2
hsa-miR-5704	0	0	0	0	0	0	0	0
hsa-miR-5705	1	0	1	0	3	2	0	0
hsa-miR-5706	3	3	2	0	1	2	2	1
hsa-miR-5707	2	0	0	1	1	4	1	0
hsa-miR-5708	0	1	0	0	0	0	0	0
hsa-miR-571	0	0	0	0	0	0	0	0
hsa-miR-572	1	0	0	0	0	0	0	0
hsa-miR-573	127	142	61	74	13	23	10	7
hsa-miR-5739	0	0	0	0	0	0	0	0
hsa-miR-574-3p	194	163	298	89	89	66	76	89
hsa-miR-574-5p	2	1	1	1	0	0	0	0
hsa-miR-575	0	0	0	0	0	0	0	0
hsa-miR-576-3p	40	42	31	33	57	71	47	62
hsa-miR-576-5p	110	50	84	65	83	62	87	85
hsa-miR-577	176	197	84	169	220	186	297	290
hsa-miR-578	1	0	0	0	0	0	2	0
hsa-miR-5787	0	0	0	0	0	0	0	0
hsa-miR-579-3p	21	14	19	9	8	13	10	11
hsa-miR-579-5p	13	21	16	15	14	20	13	13
hsa-miR-580-3p	44	46	28	34	34	54	51	51
hsa-miR-580-5p	5	0	0	0	1	0	1	0
hsa-miR-581	8	4	2	5	15	9	6	10
hsa-miR-582-3p	60	45	28	55	53	34	64	41
hsa-miR-582-5p	41	26	46	11	12	10	14	12
hsa-miR-583	0	0	0	0	0	0	0	0
hsa-miR-584-3p	5	8	5	6	8	5	3	9
hsa-miR-584-5p	304	289	170	294	296	375	336	291
hsa-miR-585-3p	1	3	0	2	0	0	3	0
hsa-miR-585-5p	0	0	0	0	0	0	0	0
hsa-miR-586	3	0	2	1	2	0	2	1
hsa-miR-587	0	0	0	0	0	1	0	0
hsa-miR-588	3	0	3	0	2	3	7	2
hsa-miR-589-3p	361	437	350	195	161	143	150	167
hsa-miR-589-5p	1793	1756	887	1752	1917	2627	2148	2397
hsa-miR-590-3p	1569	971	1437	640	609	472	662	481
hsa-miR-590-5p	891	690	633	412	381	419	456	414
hsa-miR-591	0	0	0	0	0	0	0	0
hsa-miR-592	1	1	0	0	0	0	0	1
hsa-miR-593-3p	0	0	0	0	0	0	0	0
hsa-miR-593-5p	0	0	0	0	0	0	0	0
hsa-miR-595	0	0	0	0	0	0	0	0
hsa-miR-596	0	0	0	0	0	0	0	0
hsa-miR-597-3p	11	11	11	10	18	20	8	15
hsa-miR-597-5p	4	3	2	4	6	7	2	3
hsa-miR-598-3p	2300	2154	2315	1800	2315	2923	2337	2144
hsa-miR-598-5p	3	3	1	2	0	3	1	0
hsa-miR-599	0	0	0	0	0	0	0	0
hsa-miR-600	1	0	1	2	0	0	2	1
hsa-miR-601	0	0	0	0	0	0	0	0
hsa-miR-602	23	25	6	5	9	19	15	8
hsa-miR-603	0	0	0	0	0	0	0	0
hsa-miR-604	0	0	0	0	0	0	0	0
hsa-miR-605-3p	0	0	0	0	1	0	1	0
hsa-miR-605-5p	1	0	0	0	1	0	0	0
hsa-miR-606	0	0	0	0	0	0	0	0
hsa-miR-6068	1	1	0	0	0	0	0	0
hsa-miR-6069	0	0	0	0	0	0	0	0
hsa-miR-607	0	0	0	0	0	0	2	1
hsa-miR-6070	0	0	0	0	2	1	0	0
hsa-miR-6071	0	0	0	0	0	0	0	0
hsa-miR-6072	0	0	0	0	0	0	0	0
hsa-miR-6073	0	0	0	0	0	0	0	0
hsa-miR-6074	0	0	0	0	0	0	0	0
hsa-miR-6075	0	0	0	0	0	0	0	0
hsa-miR-6076	0	0	0	0	0	0	0	0
hsa-miR-6077	0	0	0	1	0	0	0	0
hsa-miR-6078	0	0	0	0	0	0	0	0
hsa-miR-6079	0	0	0	0	0	0	0	0
hsa-miR-608	0	0	0	0	0	0	0	0
hsa-miR-6080	0	0	0	1	0	0	0	0
hsa-miR-6081	0	0	0	0	0	0	0	0
hsa-miR-6082	0	0	0	0	0	0	0	0
hsa-miR-6083	0	0	0	0	0	0	0	0
hsa-miR-6084	0	0	0	0	0	0	0	0
hsa-miR-6085	0	0	0	0	0	0	0	0
hsa-miR-6086	0	0	0	0	0	0	0	0
hsa-miR-6087	17	12	6	5	8	15	7	10
hsa-miR-6088	0	0	0	0	0	0	0	0
hsa-miR-6089	0	0	0	0	0	0	0	0
hsa-miR-609	0	0	0	0	0	2	2	1
hsa-miR-6090	0	0	0	0	0	0	0	0
hsa-miR-610	1	1	0	0	0	2	1	1
hsa-miR-611	0	0	1	0	0	0	0	0
hsa-miR-612	0	1	1	0	0	3	0	0
hsa-miR-6124	0	0	0	0	0	0	0	0
hsa-miR-6125	7	4	6	5	6	12	3	4
hsa-miR-6126	0	0	0	0	0	0	0	0
hsa-miR-6127	0	0	0	0	0	0	0	0
hsa-miR-6128	0	0	0	0	0	0	0	0
hsa-miR-6129	0	0	0	0	0	0	0	0
hsa-miR-613	0	0	0	0	0	0	0	0
hsa-miR-6130	1	1	1	1	1	1	0	0
hsa-miR-6131	0	0	1	0	1	0	0	0
hsa-miR-6132	0	0	0	0	0	0	0	0
hsa-miR-6133	0	0	0	0	0	0	0	0
hsa-miR-6134	0	0	0	0	0	0	0	0
hsa-miR-614	0	0	0	0	0	0	0	0
hsa-miR-615-3p	601	603	339	390	362	452	389	377
hsa-miR-615-5p	50	53	22	35	50	65	55	49
hsa-miR-616-3p	8	17	4	8	4	9	10	15
hsa-miR-616-5p	9	8	7	2	1	3	2	1
hsa-miR-6165	0	0	0	0	0	0	0	0
hsa-miR-617	0	0	0	0	0	0	0	0
hsa-miR-618	22	27	17	15	15	21	12	19
hsa-miR-619-3p	0	0	0	0	0	0	0	0
hsa-miR-619-5p	0	0	0	0	0	0	0	0
hsa-miR-620	0	0	0	0	0	0	0	0
hsa-miR-621	0	0	0	0	0	0	0	0
hsa-miR-622	0	0	0	0	0	1	0	0
hsa-miR-623	0	0	0	0	0	0	0	0
hsa-miR-624-3p	6	1	4	2	2	3	3	1
hsa-miR-624-5p	46	50	26	47	37	37	48	44
hsa-miR-625-3p	382	521	450	298	370	418	402	420
hsa-miR-625-5p	387	536	491	308	351	436	342	447
hsa-miR-626	0	0	0	0	0	0	0	0
hsa-miR-627-3p	5	0	2	2	6	1	2	6
hsa-miR-627-5p	589	528	382	794	966	1468	939	915
hsa-miR-628-3p	399	288	305	245	216	154	165	201
hsa-miR-628-5p	1158	1140	781	804	653	517	896	758
hsa-miR-629-3p	37	45	21	24	29	25	30	29
hsa-miR-629-5p	2968	3725	1814	2638	3071	5367	3539	3987
hsa-miR-630	0	0	0	0	0	0	0	0
hsa-miR-631	0	0	0	0	0	0	0	0
hsa-miR-632	2	1	1	2	0	2	8	3
hsa-miR-633	0	0	0	0	0	0	0	0
hsa-miR-634	0	0	0	0	0	0	0	0
hsa-miR-635	0	0	0	0	0	0	0	0
hsa-miR-636	22	34	11	18	19	20	22	13
hsa-miR-637	0	0	0	0	0	0	0	0
hsa-miR-638	0	0	0	0	0	0	0	0
hsa-miR-639	2	3	1	3	2	2	2	6
hsa-miR-640	0	0	0	0	0	0	0	0
hsa-miR-641	9	2	10	8	3	2	1	0
hsa-miR-642a-3p	0	0	0	0	0	0	0	0
hsa-miR-642a-5p	13	3	6	10	11	11	5	11
hsa-miR-642b-3p	2	4	0	1	3	0	1	2
hsa-miR-642b-5p	0	0	0	0	0	0	0	0
hsa-miR-643	33	33	26	22	24	33	21	24
hsa-miR-644a	0	0	0	0	0	0	0	0
hsa-miR-645	0	0	0	0	0	0	0	0
hsa-miR-646	0	0	0	0	0	0	0	0
hsa-miR-647	0	0	0	0	0	0	0	0
hsa-miR-648	0	0	0	0	0	0	0	0
hsa-miR-649	0	0	0	0	0	0	0	0
hsa-miR-6499-3p	0	0	0	0	0	0	0	0
hsa-miR-6499-5p	1	1	0	1	1	1	1	1
hsa-miR-650	0	0	0	0	0	0	0	0
hsa-miR-6500-3p	0	0	0	0	0	0	0	0
hsa-miR-6500-5p	0	0	0	0	0	0	0	0
hsa-miR-6501-3p	0	0	0	0	0	1	0	0
hsa-miR-6501-5p	26	24	18	12	30	27	12	15
hsa-miR-6502-3p	0	0	0	0	0	0	0	0
hsa-miR-6502-5p	0	0	0	0	0	0	0	0
hsa-miR-6503-3p	1	0	0	0	0	0	0	0
hsa-miR-6503-5p	0	0	0	0	0	0	0	0
hsa-miR-6504-3p	0	0	0	0	0	0	0	0
hsa-miR-6504-5p	0	0	0	0	0	0	0	0
hsa-miR-6505-3p	4	0	1	0	3	2	4	3
hsa-miR-6505-5p	28	20	22	8	15	11	22	11
hsa-miR-6506-3p	0	0	0	0	0	0	0	0
hsa-miR-6506-5p	0	0	0	0	2	1	0	0
hsa-miR-6507-3p	0	0	0	0	0	0	0	0
hsa-miR-6507-5p	2	4	0	0	4	1	1	0
hsa-miR-6508-3p	20	21	15	17	25	27	24	37
hsa-miR-6508-5p	0	2	1	0	1	1	2	1
hsa-miR-6509-3p	2	0	0	1	1	1	1	0
hsa-miR-6509-5p	11	9	9	10	10	13	11	20
hsa-miR-651-3p	1	0	0	1	0	0	0	0
hsa-miR-651-5p	110	112	121	102	101	89	72	69
hsa-miR-6510-3p	29	26	14	38	93	66	59	60
hsa-miR-6510-5p	0	0	0	1	0	2	0	0
hsa-miR-6511a-3p	78	65	39	35	52	31	76	69
hsa-miR-6511a-5p	19	12	35	10	11	12	6	7
hsa-miR-6511b-3p	44	50	55	39	39	29	40	44
hsa-miR-6511b-5p	4	5	16	3	2	11	5	1
hsa-miR-6512-3p	1	0	0	0	0	0	0	0
hsa-miR-6512-5p	0	0	0	0	0	0	0	0
hsa-miR-6513-3p	0	0	1	0	3	1	1	0
hsa-miR-6513-5p	0	0	0	0	0	0	0	0
hsa-miR-6514-3p	3	5	2	4	1	1	1	0
hsa-miR-6514-5p	94	74	62	88	80	142	116	136
hsa-miR-6515-3p	6	2	4	4	5	10	4	9
hsa-miR-6515-5p	20	34	15	20	17	15	7	15
hsa-miR-6516-3p	12	7	6	8	14	16	8	10
hsa-miR-6516-5p	29	24	21	8	9	10	5	11
hsa-miR-652-3p	7877	9997	7831	6330	7050	10666	7835	8668
hsa-miR-652-5p	7	9	18	8	3	10	2	0
hsa-miR-653-3p	612	738	1121	299	324	341	296	224
hsa-miR-653-5p	2280	2190	1340	1745	1908	1458	1632	1481
hsa-miR-654-3p	2	1	4	1	1	1	0	0
hsa-miR-654-5p	0	2	0	1	0	2	0	0
hsa-miR-655-3p	0	0	1	1	0	0	1	0
hsa-miR-655-5p	0	0	0	0	0	0	0	0
hsa-miR-656-3p	0	0	0	0	0	0	0	0
hsa-miR-656-5p	0	0	0	0	0	0	0	0
hsa-miR-657	0	1	0	0	0	2	0	0
hsa-miR-658	3	2	1	1	0	2	2	1
hsa-miR-659-3p	3	6	1	1	1	6	1	1
hsa-miR-659-5p	50	43	19	52	77	98	72	93
hsa-miR-660-3p	6	4	1	0	1	1	0	3
hsa-miR-660-5p	567	469	444	267	289	335	260	235
hsa-miR-661	0	1	0	0	1	0	0	0
hsa-miR-662	0	0	0	0	0	1	0	0
hsa-miR-663a	0	3	1	0	2	2	1	0
hsa-miR-663b	0	0	0	0	0	0	2	1
hsa-miR-664a-3p	23	15	30	8	27	8	9	11
hsa-miR-664a-5p	135	143	155	101	125	147	107	135
hsa-miR-664b-3p	0	2	1	1	0	0	1	1
hsa-miR-664b-5p	74	77	72	70	52	88	59	71
hsa-miR-665	0	0	0	0	0	0	0	0
hsa-miR-668-3p	0	0	0	0	0	0	0	0
hsa-miR-668-5p	0	0	0	0	0	0	0	0
hsa-miR-670-3p	0	0	0	0	0	0	0	0
hsa-miR-670-5p	0	0	0	0	0	0	0	0
hsa-miR-671-3p	304	224	121	196	226	252	326	300
hsa-miR-671-5p	13910	17772	13624	12395	7898	14364	7304	7526
hsa-miR-6715a-3p	0	4	5	4	3	8	1	1
hsa-miR-6715b-3p	1	0	0	1	1	0	0	1
hsa-miR-6715b-5p	0	0	0	0	0	0	0	0
hsa-miR-6716-3p	44	28	20	30	23	22	39	48
hsa-miR-6716-5p	0	0	0	1	0	0	0	0
hsa-miR-6717-5p	1	0	0	0	1	2	3	1
hsa-miR-6718-5p	0	0	0	0	0	0	0	1
hsa-miR-6719-3p	0	0	0	0	0	0	0	0
hsa-miR-6720-3p	0	0	0	1	0	0	0	0
hsa-miR-6720-5p	0	0	0	0	0	0	0	0
hsa-miR-6721-5p	30	23	39	12	16	12	9	12
hsa-miR-6722-3p	0	0	0	0	0	0	0	0
hsa-miR-6722-5p	0	0	0	0	0	0	0	0
hsa-miR-6723-5p	8	23	3	13	4	5	8	14
hsa-miR-6726-3p	4	4	3	0	2	1	8	6
hsa-miR-6726-5p	6	6	3	5	5	2	1	2
hsa-miR-6727-3p	0	0	0	0	0	0	0	0
hsa-miR-6727-5p	7	5	3	3	0	2	1	0
hsa-miR-6728-3p	0	0	0	0	0	0	0	0
hsa-miR-6728-5p	5	6	4	7	3	8	4	10
hsa-miR-6729-3p	2	1	0	0	0	0	0	0
hsa-miR-6729-5p	0	1	0	0	1	0	0	0
hsa-miR-6730-3p	0	0	0	0	0	1	0	0
hsa-miR-6730-5p	0	0	3	0	0	0	2	0
hsa-miR-6731-3p	0	0	0	0	0	0	0	0
hsa-miR-6731-5p	0	0	0	0	0	0	0	0
hsa-miR-6732-3p	2	2	1	1	0	2	2	1
hsa-miR-6732-5p	0	2	1	0	1	1	0	0
hsa-miR-6733-3p	2	2	1	4	3	2	2	4
hsa-miR-6733-5p	2	1	0	0	2	1	1	0
hsa-miR-6734-3p	0	1	2	0	0	0	1	1
hsa-miR-6734-5p	19	22	4	12	9	10	2	7
hsa-miR-6735-3p	0	3	0	1	1	0	0	1
hsa-miR-6735-5p	7	5	8	0	7	3	2	0
hsa-miR-6736-3p	1	0	1	0	1	0	1	3
hsa-miR-6736-5p	22	23	20	17	8	11	6	12
hsa-miR-6737-3p	21	17	7	13	10	8	16	26
hsa-miR-6737-5p	11	3	2	3	1	1	4	4
hsa-miR-6738-3p	1	3	0	2	0	2	2	1
hsa-miR-6738-5p	0	0	0	0	0	0	0	1
hsa-miR-6739-3p	7	4	3	0	4	7	8	5
hsa-miR-6739-5p	2	5	0	5	2	6	1	2
hsa-miR-6740-3p	0	0	0	4	0	0	0	0
hsa-miR-6740-5p	6	3	7	2	2	6	0	2
hsa-miR-6741-3p	8	5	5	5	7	6	6	14
hsa-miR-6741-5p	0	5	2	0	0	1	0	0
hsa-miR-6742-3p	25	11	6	12	23	37	20	14
hsa-miR-6742-5p	0	1	0	0	1	0	1	1
hsa-miR-6743-3p	0	0	0	0	0	1	0	1
hsa-miR-6743-5p	0	0	1	0	0	0	0	0
hsa-miR-6744-3p	21	22	18	25	28	28	32	31
hsa-miR-6744-5p	79	91	61	83	111	180	125	118
hsa-miR-6745	0	2	0	1	0	0	1	0
hsa-miR-6746-3p	1	0	1	1	0	0	0	1
hsa-miR-6746-5p	0	0	3	0	0	0	0	0
hsa-miR-6747-3p	34	26	22	30	33	38	63	57
hsa-miR-6747-5p	2	12	0	5	1	7	1	5
hsa-miR-6748-3p	1	0	4	0	3	0	0	1
hsa-miR-6748-5p	3	8	1	1	1	1	0	0
hsa-miR-6749-3p	3	0	0	2	0	1	0	1
hsa-miR-6749-5p	0	0	0	2	2	1	0	2
hsa-miR-675-3p	452	453	499	348	288	434	392	442
hsa-miR-675-5p	57	69	57	28	13	37	18	24
hsa-miR-6750-3p	4	2	0	2	3	5	1	3
hsa-miR-6750-5p	8	7	5	3	6	10	2	3
hsa-miR-6751-3p	3	4	1	2	1	0	4	0
hsa-miR-6751-5p	7	26	3	5	0	2	4	3
hsa-miR-6752-3p	0	1	0	0	0	0	1	0
hsa-miR-6752-5p	0	0	2	1	0	0	2	1
hsa-miR-6753-3p	3	4	1	2	2	6	2	6
hsa-miR-6753-5p	2	1	2	0	0	1	0	0
hsa-miR-6754-3p	2	2	1	4	1	4	3	3
hsa-miR-6754-5p	0	1	1	3	1	4	0	2
hsa-miR-6755-3p	1	2	0	0	1	1	2	2
hsa-miR-6755-5p	25	17	12	23	24	37	30	16
hsa-miR-6756-3p	0	0	0	0	0	0	0	0
hsa-miR-6756-5p	0	1	0	0	0	0	0	0
hsa-miR-6757-3p	0	0	0	0	0	0	0	0
hsa-miR-6757-5p	1	0	0	0	0	1	0	0
hsa-miR-6758-3p	4	1	2	0	2	1	10	2
hsa-miR-6758-5p	10	4	5	6	6	5	1	0
hsa-miR-6759-3p	0	0	0	0	0	1	0	3
hsa-miR-6759-5p	2	3	2	2	2	5	0	1
hsa-miR-676-3p	25	18	13	22	29	29	25	24
hsa-miR-676-5p	12	9	9	5	10	9	9	9
hsa-miR-6760-3p	0	0	0	0	0	0	0	0
hsa-miR-6760-5p	0	0	0	0	0	0	0	0
hsa-miR-6761-3p	0	0	0	0	0	0	0	0
hsa-miR-6761-5p	0	0	0	0	1	1	0	2
hsa-miR-6762-3p	7	4	2	1	3	4	3	9
hsa-miR-6762-5p	0	0	0	0	0	0	0	0
hsa-miR-6763-3p	1	0	0	0	0	0	0	0
hsa-miR-6763-5p	17	26	15	12	7	11	6	6
hsa-miR-6764-3p	3	5	1	2	0	7	0	1
hsa-miR-6764-5p	5	2	4	4	3	9	0	3
hsa-miR-6765-3p	3	1	1	0	0	2	0	2
hsa-miR-6765-5p	0	1	0	1	2	2	1	0
hsa-miR-6766-3p	4	4	5	3	2	1	2	1
hsa-miR-6766-5p	3	1	0	0	0	3	0	2
hsa-miR-6767-3p	0	0	0	0	1	0	1	0
hsa-miR-6767-5p	1	3	4	2	1	2	0	0
hsa-miR-6768-3p	0	0	0	0	0	0	0	0
hsa-miR-6768-5p	4	15	5	4	0	0	1	4
hsa-miR-6769a-3p	0	0	0	0	0	0	0	0
hsa-miR-6769a-5p	2	0	1	0	0	0	0	0
hsa-miR-6769b-3p	1	0	1	2	1	0	0	2
hsa-miR-6769b-5p	0	0	0	0	0	0	1	0
hsa-miR-6770-3p	2	1	1	3	0	0	5	2
hsa-miR-6770-5p	2	6	5	0	1	0	0	1
hsa-miR-6771-3p	0	0	0	0	0	0	0	0
hsa-miR-6771-5p	0	1	0	0	0	0	0	0
hsa-miR-6772-3p	0	0	0	0	0	0	0	0
hsa-miR-6772-5p	0	0	0	0	0	0	0	0
hsa-miR-6773-3p	4	3	2	2	1	1	2	2
hsa-miR-6773-5p	55	66	21	22	32	45	44	48
hsa-miR-6774-3p	0	0	0	0	0	0	0	0
hsa-miR-6774-5p	1	0	0	0	0	0	0	0
hsa-miR-6775-3p	2	3	2	0	0	1	1	4
hsa-miR-6775-5p	1	0	0	2	1	0	0	0
hsa-miR-6776-3p	0	0	1	0	0	0	0	1
hsa-miR-6776-5p	1	8	2	1	3	0	1	0
hsa-miR-6777-3p	3	1	3	2	2	1	0	2
hsa-miR-6777-5p	42	50	57	27	16	20	14	25
hsa-miR-6778-3p	0	0	0	0	0	0	1	0
hsa-miR-6778-5p	0	2	1	2	0	1	0	0
hsa-miR-6779-3p	0	0	0	0	0	0	0	0
hsa-miR-6779-5p	9	17	2	10	8	7	5	11
hsa-miR-6780a-3p	0	1	0	0	0	0	0	0
hsa-miR-6780a-5p	8	2	6	4	2	7	0	4
hsa-miR-6780b-3p	0	0	0	0	0	0	0	0
hsa-miR-6780b-5p	2	4	3	2	2	1	0	1
hsa-miR-6781-3p	1	0	0	0	0	0	1	0
hsa-miR-6781-5p	1	4	1	1	0	1	1	0
hsa-miR-6782-3p	0	0	0	0	0	0	0	1
hsa-miR-6782-5p	5	4	0	3	1	1	2	0
hsa-miR-6783-3p	4	6	3	5	5	11	19	11
hsa-miR-6783-5p	18	30	10	21	30	36	25	19
hsa-miR-6784-3p	4	3	1	2	1	2	1	2
hsa-miR-6784-5p	0	3	0	0	0	3	1	0
hsa-miR-6785-3p	0	0	0	0	0	0	1	0
hsa-miR-6785-5p	8	14	15	11	5	5	7	2
hsa-miR-6786-3p	10	3	7	6	9	4	10	4
hsa-miR-6786-5p	0	0	0	0	0	0	0	0
hsa-miR-6787-3p	1	0	0	0	2	1	2	1
hsa-miR-6787-5p	1	0	1	0	0	0	0	0
hsa-miR-6788-3p	0	0	0	0	0	0	0	0
hsa-miR-6788-5p	0	1	0	0	0	0	0	0
hsa-miR-6789-3p	3	2	0	2	2	2	2	1
hsa-miR-6789-5p	20	14	9	8	8	11	7	5
hsa-miR-6790-3p	1	3	0	0	0	0	1	0
hsa-miR-6790-5p	1	1	1	0	3	0	1	0
hsa-miR-6791-3p	6	1	2	3	6	6	5	5
hsa-miR-6791-5p	0	1	0	0	0	2	0	0
hsa-miR-6792-3p	0	0	0	0	2	0	0	0
hsa-miR-6792-5p	0	0	1	0	1	0	0	0
hsa-miR-6793-3p	0	0	1	0	0	0	1	2
hsa-miR-6793-5p	9	13	3	5	5	14	3	4
hsa-miR-6794-3p	3	2	4	5	2	1	1	7
hsa-miR-6794-5p	6	9	2	4	5	6	6	5
hsa-miR-6795-3p	3	0	2	2	0	0	1	0
hsa-miR-6795-5p	16	27	13	13	13	11	5	5
hsa-miR-6796-3p	0	1	0	0	0	0	0	0
hsa-miR-6796-5p	0	3	1	1	1	1	2	1
hsa-miR-6797-3p	2	1	1	0	1	0	2	4
hsa-miR-6797-5p	5	5	4	6	2	3	0	0
hsa-miR-6798-3p	5	3	3	7	11	10	11	0
hsa-miR-6798-5p	1	0	0	0	0	1	0	0
hsa-miR-6799-3p	2	1	2	3	6	1	3	3
hsa-miR-6799-5p	19	16	9	5	4	8	2	1
hsa-miR-6800-3p	3	0	0	2	0	1	1	1
hsa-miR-6800-5p	5	5	1	6	4	8	5	1
hsa-miR-6801-3p	0	1	0	1	0	0	0	1
hsa-miR-6801-5p	4	1	6	2	4	2	4	4
hsa-miR-6802-3p	9	17	6	10	8	6	15	24
hsa-miR-6802-5p	3	3	2	1	1	1	1	2
hsa-miR-6803-3p	3	1	1	1	1	2	1	2
hsa-miR-6803-5p	0	3	0	0	0	1	1	0
hsa-miR-6804-3p	1	0	0	0	0	0	0	0
hsa-miR-6804-5p	13	26	17	8	6	13	13	9
hsa-miR-6805-3p	1	1	0	0	0	3	1	1
hsa-miR-6805-5p	22	24	29	16	15	19	9	10
hsa-miR-6806-3p	9	22	10	19	11	13	7	8
hsa-miR-6806-5p	0	0	0	0	0	0	0	0
hsa-miR-6807-3p	3	2	1	2	0	1	1	0
hsa-miR-6807-5p	45	47	19	37	44	55	38	56
hsa-miR-6808-3p	8	7	5	6	7	14	9	9
hsa-miR-6808-5p	1	0	0	0	0	0	0	0
hsa-miR-6809-3p	1	0	0	0	0	0	0	0
hsa-miR-6809-5p	0	0	0	1	0	0	0	0
hsa-miR-6810-3p	1	1	2	2	0	0	1	1
hsa-miR-6810-5p	18	15	8	5	4	10	9	10
hsa-miR-6811-3p	7	5	3	3	5	11	8	12
hsa-miR-6811-5p	50	35	35	28	14	24	28	17
hsa-miR-6812-3p	6	3	1	0	1	0	0	2
hsa-miR-6812-5p	6	9	1	5	1	1	0	1
hsa-miR-6813-3p	1	1	1	1	0	0	1	2
hsa-miR-6813-5p	6	10	2	4	4	2	2	4
hsa-miR-6814-3p	2	1	6	0	0	1	1	1
hsa-miR-6814-5p	0	0	1	0	0	0	0	0
hsa-miR-6815-3p	7	8	3	4	8	5	6	7
hsa-miR-6815-5p	21	40	14	16	8	23	15	14
hsa-miR-6816-3p	3	1	3	1	3	1	2	5
hsa-miR-6816-5p	0	0	0	0	0	0	0	1
hsa-miR-6817-3p	1	0	0	1	1	2	1	8
hsa-miR-6817-5p	2	0	1	1	0	3	0	1
hsa-miR-6818-3p	12	7	5	6	6	9	17	10
hsa-miR-6818-5p	7	6	7	3	4	4	1	2
hsa-miR-6819-3p	2	1	4	1	0	1	1	0
hsa-miR-6819-5p	0	4	0	1	2	0	0	2
hsa-miR-6820-3p	8	11	11	5	9	6	9	4
hsa-miR-6820-5p	5	1	4	1	1	2	0	3
hsa-miR-6821-3p	0	1	0	1	0	1	1	0
hsa-miR-6821-5p	5	3	1	0	0	1	1	2
hsa-miR-6822-3p	0	0	0	0	0	0	0	0
hsa-miR-6822-5p	1	2	1	0	0	3	0	1
hsa-miR-6823-3p	0	0	0	2	1	3	0	1
hsa-miR-6823-5p	3	3	3	7	7	6	13	3
hsa-miR-6824-3p	0	2	0	0	0	0	1	1
hsa-miR-6824-5p	2	2	1	3	0	1	0	0
hsa-miR-6825-3p	1	0	0	0	1	3	0	0
hsa-miR-6825-5p	27	17	11	8	14	27	6	16
hsa-miR-6826-3p	1	2	3	2	1	1	0	0
hsa-miR-6826-5p	11	10	11	3	6	15	7	6
hsa-miR-6827-3p	0	0	0	0	0	2	0	0
hsa-miR-6827-5p	6	14	3	4	0	4	2	1
hsa-miR-6828-3p	0	0	0	0	0	0	0	0
hsa-miR-6828-5p	0	0	0	0	0	0	0	0
hsa-miR-6829-3p	0	0	0	0	0	0	0	0
hsa-miR-6829-5p	11	11	4	11	4	18	5	8
hsa-miR-6830-3p	2	1	1	1	1	1	0	2
hsa-miR-6830-5p	1	1	1	0	0	3	0	0
hsa-miR-6831-3p	0	0	0	0	0	0	0	0
hsa-miR-6831-5p	2	4	0	2	1	2	1	0
hsa-miR-6832-3p	7	1	2	0	1	1	6	2
hsa-miR-6832-5p	20	20	8	6	8	4	3	8
hsa-miR-6833-3p	0	1	0	0	0	0	0	1
hsa-miR-6833-5p	8	3	4	1	0	0	0	0
hsa-miR-6834-3p	0	0	0	0	0	0	2	0
hsa-miR-6834-5p	6	5	0	0	3	6	6	2
hsa-miR-6835-3p	0	0	0	0	0	0	0	0
hsa-miR-6835-5p	3	2	0	1	1	0	2	0
hsa-miR-6836-3p	0	0	0	0	0	1	0	0
hsa-miR-6836-5p	3	3	3	1	3	2	2	4
hsa-miR-6837-3p	4	7	1	6	2	6	4	8
hsa-miR-6837-5p	4	2	4	0	3	2	5	0
hsa-miR-6838-3p	1	0	0	0	0	0	0	0
hsa-miR-6838-5p	0	0	0	0	0	0	0	0
hsa-miR-6839-3p	1	6	5	4	7	11	1	14
hsa-miR-6839-5p	5	10	5	10	8	23	14	14
hsa-miR-6840-3p	5	7	6	5	7	13	10	8
hsa-miR-6840-5p	4	0	3	2	0	1	1	0
hsa-miR-6841-3p	0	0	0	0	0	0	0	0
hsa-miR-6841-5p	0	0	0	0	0	0	0	0
hsa-miR-6842-3p	4	7	4	6	7	12	4	7
hsa-miR-6842-5p	0	0	0	0	0	0	1	0
hsa-miR-6843-3p	0	0	0	2	5	2	0	2
hsa-miR-6844	52	35	40	9	19	18	12	12
hsa-miR-6845-3p	0	4	1	0	1	0	0	0
hsa-miR-6845-5p	1	1	0	1	0	2	1	2
hsa-miR-6846-3p	0	0	1	0	0	0	0	0
hsa-miR-6846-5p	5	4	0	1	0	3	0	3
hsa-miR-6847-3p	0	0	0	0	2	1	2	1
hsa-miR-6847-5p	17	22	20	10	11	15	11	11
hsa-miR-6848-3p	0	0	0	0	1	0	0	0
hsa-miR-6848-5p	2	13	2	1	0	3	0	0
hsa-miR-6849-3p	1	1	1	0	0	0	0	0
hsa-miR-6849-5p	1	2	2	1	1	0	1	0
hsa-miR-6850-3p	0	0	1	0	1	0	0	0
hsa-miR-6850-5p	128	183	62	117	94	192	163	147
hsa-miR-6851-3p	5	3	6	1	6	5	0	4
hsa-miR-6851-5p	8	6	4	2	5	10	0	1
hsa-miR-6852-3p	0	0	0	0	0	0	0	0
hsa-miR-6852-5p	2	2	3	1	2	1	3	2
hsa-miR-6853-3p	4	3	5	7	3	13	11	3
hsa-miR-6853-5p	0	0	0	0	0	0	0	0
hsa-miR-6854-3p	5	4	1	1	1	1	0	2
hsa-miR-6854-5p	10	5	1	4	2	1	2	3
hsa-miR-6855-3p	9	8	2	0	1	1	4	2
hsa-miR-6855-5p	1	6	1	0	0	3	0	0
hsa-miR-6856-3p	1	0	1	0	0	1	0	0
hsa-miR-6856-5p	5	1	0	2	2	2	1	3
hsa-miR-6857-3p	13	6	4	5	17	15	13	20
hsa-miR-6857-5p	1	0	0	0	0	2	0	1
hsa-miR-6858-3p	0	0	1	1	0	0	0	0
hsa-miR-6858-5p	6	4	6	7	0	7	4	1
hsa-miR-6859-3p	0	0	0	1	0	2	0	1
hsa-miR-6859-5p	7	12	2	8	17	14	15	8
hsa-miR-6860	122	166	50	93	74	98	86	114
hsa-miR-6861-3p	0	0	2	0	0	0	3	0
hsa-miR-6861-5p	1	2	0	0	0	0	1	0
hsa-miR-6862-3p	1	1	2	0	1	2	1	0
hsa-miR-6862-5p	42	28	24	29	30	17	25	24
hsa-miR-6863	0	0	0	0	0	0	0	0
hsa-miR-6864-3p	0	0	0	0	0	0	0	0
hsa-miR-6864-5p	2	0	0	1	2	0	0	1
hsa-miR-6865-3p	0	0	0	1	1	0	0	0
hsa-miR-6865-5p	0	2	6	0	1	1	1	1
hsa-miR-6866-3p	1	1	0	2	1	0	1	2
hsa-miR-6866-5p	10	2	15	7	7	8	3	4
hsa-miR-6867-3p	0	0	0	0	0	0	0	0
hsa-miR-6867-5p	18	8	5	7	8	18	12	15
hsa-miR-6868-3p	24	19	11	28	24	42	42	64
hsa-miR-6868-5p	0	0	0	0	0	0	0	0
hsa-miR-6869-3p	0	0	0	0	0	0	0	0
hsa-miR-6869-5p	2	1	4	0	0	0	1	1
hsa-miR-6870-3p	0	0	0	0	0	0	0	2
hsa-miR-6870-5p	0	0	0	0	0	0	0	0
hsa-miR-6871-3p	2	1	1	0	2	0	1	1
hsa-miR-6871-5p	51	83	19	31	16	19	13	25
hsa-miR-6872-3p	0	0	0	0	0	0	0	0
hsa-miR-6872-5p	3	7	5	5	2	0	3	0
hsa-miR-6873-3p	1	1	1	0	1	1	0	2
hsa-miR-6873-5p	4	1	0	0	0	0	0	0
hsa-miR-6874-3p	0	0	0	0	0	1	3	1
hsa-miR-6874-5p	1	1	3	3	4	2	5	4
hsa-miR-6875-3p	1	1	0	1	1	0	0	0
hsa-miR-6875-5p	36	29	8	21	36	44	36	44
hsa-miR-6876-3p	1	0	0	0	0	0	0	0
hsa-miR-6876-5p	1	3	1	2	1	0	0	1
hsa-miR-6877-3p	1	0	0	0	0	2	0	0
hsa-miR-6877-5p	45	64	38	25	38	43	18	39
hsa-miR-6878-3p	1	0	1	0	0	1	0	1
hsa-miR-6878-5p	0	3	1	3	3	0	4	2
hsa-miR-6879-3p	1	0	0	0	0	0	1	2
hsa-miR-6879-5p	0	0	0	0	0	0	0	0
hsa-miR-6880-3p	1	0	0	0	2	0	2	1
hsa-miR-6880-5p	1	2	4	3	1	3	2	1
hsa-miR-6881-3p	1	0	0	0	0	0	0	0
hsa-miR-6881-5p	1	1	1	0	0	1	0	0
hsa-miR-6882-3p	4	0	2	0	5	2	8	6
hsa-miR-6882-5p	15	14	16	8	20	13	9	10
hsa-miR-6883-3p	1	0	0	0	0	0	0	0
hsa-miR-6883-5p	0	0	1	0	0	1	1	0
hsa-miR-6884-3p	0	0	0	0	1	0	0	0
hsa-miR-6884-5p	4	12	2	9	7	13	4	6
hsa-miR-6885-3p	0	2	3	2	0	0	0	4
hsa-miR-6885-5p	11	23	3	4	7	9	3	6
hsa-miR-6886-3p	0	0	2	0	2	3	0	1
hsa-miR-6886-5p	10	34	7	11	16	12	16	15
hsa-miR-6887-3p	2	0	3	4	3	0	4	2
hsa-miR-6887-5p	15	14	11	8	10	16	7	6
hsa-miR-6888-3p	2	4	0	3	5	7	4	2
hsa-miR-6888-5p	0	0	1	0	1	0	0	0
hsa-miR-6889-3p	4	3	2	4	3	5	5	3
hsa-miR-6889-5p	2	7	2	2	1	1	1	0
hsa-miR-6890-3p	0	0	0	0	0	0	0	0
hsa-miR-6890-5p	4	5	1	1	0	3	3	0
hsa-miR-6891-3p	0	0	0	0	0	0	0	0
hsa-miR-6891-5p	4	5	11	5	6	13	2	8
hsa-miR-6892-3p	0	1	0	1	0	0	0	0
hsa-miR-6892-5p	46	75	8	31	26	39	24	34
hsa-miR-6893-3p	0	0	0	0	0	0	0	0
hsa-miR-6893-5p	3	2	3	1	1	1	1	1
hsa-miR-6894-3p	6	2	2	1	2	2	1	3
hsa-miR-6894-5p	15	25	13	23	15	17	9	11
hsa-miR-6895-3p	2	2	3	2	1	1	1	1
hsa-miR-6895-5p	4	6	5	0	3	2	4	4
hsa-miR-7-1-3p	104	80	118	41	34	29	36	44
hsa-miR-7-2-3p	0	0	0	0	0	0	0	0
hsa-miR-7-5p	20736	10079	29598	12303	7748	6571	4878	5582
hsa-miR-708-3p	169	143	119	125	161	225	179	185
hsa-miR-708-5p	1352	1304	1633	1052	1077	1293	1223	1335
hsa-miR-7106-3p	6	0	2	0	0	3	4	3
hsa-miR-7106-5p	6	18	6	9	3	13	4	2
hsa-miR-7107-3p	5	4	4	5	11	7	13	22
hsa-miR-7107-5p	0	3	0	0	0	0	2	0
hsa-miR-7108-3p	1	1	0	0	0	0	0	0
hsa-miR-7108-5p	1	2	1	1	0	0	1	0
hsa-miR-7109-3p	1	2	0	0	0	0	1	1
hsa-miR-7109-5p	2	2	0	0	0	0	0	1
hsa-miR-711	0	0	0	0	0	0	0	0
hsa-miR-7110-3p	1	0	0	3	0	2	1	3
hsa-miR-7110-5p	4	9	2	0	1	4	0	1
hsa-miR-7111-3p	2	4	0	6	4	4	6	1
hsa-miR-7111-5p	8	7	6	2	2	4	3	1
hsa-miR-7112-3p	5	3	2	1	2	2	3	1
hsa-miR-7112-5p	2	3	0	0	1	2	0	1
hsa-miR-7113-3p	0	1	0	0	0	1	0	1
hsa-miR-7113-5p	8	5	9	2	6	2	5	5
hsa-miR-7114-3p	3	2	1	0	0	1	1	2
hsa-miR-7114-5p	2	2	1	1	1	1	0	0
hsa-miR-7150	0	0	0	0	0	0	0	0
hsa-miR-7151-3p	1	1	2	2	0	1	1	1
hsa-miR-7151-5p	1	1	0	1	0	4	1	0
hsa-miR-7152-3p	0	0	0	0	0	0	0	0
hsa-miR-7152-5p	0	0	0	0	0	0	0	0
hsa-miR-7153-3p	0	0	0	0	0	0	0	0
hsa-miR-7153-5p	0	0	0	0	0	0	0	0
hsa-miR-7154-3p	0	0	0	0	0	0	0	0
hsa-miR-7154-5p	0	0	0	0	0	0	0	0
hsa-miR-7155-3p	4	1	0	0	5	1	4	5
hsa-miR-7155-5p	1	4	0	1	6	2	1	3
hsa-miR-7156-3p	1	0	0	0	0	0	0	0
hsa-miR-7156-5p	1	0	0	1	0	0	0	0
hsa-miR-7157-3p	0	0	0	0	0	1	0	0
hsa-miR-7157-5p	1	0	2	4	3	0	4	0
hsa-miR-7158-3p	0	0	0	0	0	3	0	1
hsa-miR-7158-5p	0	0	0	0	0	0	0	0
hsa-miR-7159-3p	0	0	0	0	0	0	0	0
hsa-miR-7159-5p	0	0	0	0	0	0	0	0
hsa-miR-7160-3p	0	0	0	0	0	0	0	0
hsa-miR-7160-5p	0	0	0	0	0	0	0	0
hsa-miR-7161-3p	0	0	0	0	0	0	0	0
hsa-miR-7161-5p	0	0	0	0	0	0	0	0
hsa-miR-7162-3p	0	0	0	0	0	0	0	0
hsa-miR-7162-5p	0	0	0	0	0	0	0	0
hsa-miR-718	0	1	0	0	0	0	0	0
hsa-miR-744-3p	155	134	83	90	76	59	76	109
hsa-miR-744-5p	23381	28562	16707	16218	12009	16144	13299	14397
hsa-miR-7515	0	0	0	0	0	0	0	0
hsa-miR-758-3p	2	0	0	1	0	0	0	0
hsa-miR-758-5p	0	0	0	0	0	0	0	0
hsa-miR-759	0	0	0	0	0	0	0	0
hsa-miR-760	595	1033	330	444	341	753	393	432
hsa-miR-761	0	0	0	0	0	0	0	0
hsa-miR-762	0	0	0	0	1	0	0	0
hsa-miR-764	0	0	0	0	0	0	0	0
hsa-miR-7641	1	3	1	1	2	1	3	2
hsa-miR-765	38	45	25	45	44	49	30	32
hsa-miR-766-3p	2	6	1	4	3	1	5	8
hsa-miR-766-5p	0	0	0	0	0	0	0	0
hsa-miR-767-3p	5	5	0	5	0	2	2	5
hsa-miR-767-5p	132	157	86	110	111	161	82	74
hsa-miR-769-3p	227	253	158	199	272	426	282	316
hsa-miR-769-5p	3502	3806	3429	3218	3666	5996	3810	4156
hsa-miR-770-5p	0	0	0	0	0	0	0	0
hsa-miR-7702	0	0	0	0	0	1	1	0
hsa-miR-7703	4	1	0	0	1	1	0	0
hsa-miR-7704	0	0	1	0	0	0	0	0
hsa-miR-7705	4	1	8	5	8	6	5	3
hsa-miR-7706	357	352	227	309	320	545	456	416
hsa-miR-7843-3p	0	0	0	0	0	0	0	0
hsa-miR-7843-5p	0	0	0	0	0	0	0	0
hsa-miR-7844-5p	0	0	0	0	0	0	0	0
hsa-miR-7845-5p	12	15	15	5	5	7	4	6
hsa-miR-7846-3p	0	0	0	0	0	0	0	0
hsa-miR-7847-3p	0	0	0	0	0	0	0	0
hsa-miR-7848-3p	0	0	0	0	0	0	0	0
hsa-miR-7849-3p	0	0	0	0	0	0	0	0
hsa-miR-7850-5p	0	0	0	0	0	1	0	0
hsa-miR-7851-3p	1	5	2	1	1	5	4	1
hsa-miR-7852-3p	1	0	1	1	0	0	0	0
hsa-miR-7853-5p	0	0	0	0	0	0	0	0
hsa-miR-7854-3p	68	66	70	62	35	53	32	23
hsa-miR-7855-5p	0	0	0	0	0	0	0	0
hsa-miR-7856-5p	0	0	0	0	0	0	0	0
hsa-miR-7973	0	0	0	0	0	0	0	0
hsa-miR-7974	319	370	380	279	88	156	35	37
hsa-miR-7975	0	0	0	0	0	0	0	0
hsa-miR-7976	10	9	8	2	12	6	11	6
hsa-miR-7977	67	57	29	22	23	7	6	9
hsa-miR-7978	0	0	0	0	0	0	0	0
hsa-miR-802	0	0	0	0	0	0	0	0
hsa-miR-8052	0	0	0	0	0	0	0	0
hsa-miR-8053	0	0	0	0	0	0	0	0
hsa-miR-8054	0	0	0	0	0	0	0	0
hsa-miR-8055	0	0	0	0	0	0	0	0
hsa-miR-8056	0	0	0	0	0	0	0	0
hsa-miR-8057	0	0	0	0	0	0	0	0
hsa-miR-8058	0	0	0	0	0	0	0	0
hsa-miR-8059	0	0	0	0	0	0	0	0
hsa-miR-8060	0	0	0	0	0	0	0	0
hsa-miR-8061	0	0	0	0	0	0	0	0
hsa-miR-8062	0	0	0	0	0	0	0	0
hsa-miR-8063	0	0	0	0	0	0	0	0
hsa-miR-8064	0	0	0	0	0	0	0	0
hsa-miR-8065	0	0	0	0	0	0	0	0
hsa-miR-8066	0	0	0	0	0	0	0	0
hsa-miR-8067	0	0	0	0	0	0	0	0
hsa-miR-8068	0	0	0	0	0	0	0	0
hsa-miR-8069	0	0	0	0	0	0	0	0
hsa-miR-8070	0	0	0	0	0	0	0	0
hsa-miR-8071	0	0	0	0	0	0	0	0
hsa-miR-8072	8	3	8	3	3	2	6	6
hsa-miR-8073	0	0	0	0	0	0	0	0
hsa-miR-8074	0	0	0	0	0	0	0	0
hsa-miR-8075	0	0	0	0	0	0	0	0
hsa-miR-8076	0	0	0	0	0	0	0	0
hsa-miR-8077	0	0	0	0	0	0	0	0
hsa-miR-8078	0	0	0	0	0	0	0	0
hsa-miR-8079	0	0	0	0	0	0	0	0
hsa-miR-8080	0	0	0	0	0	0	0	0
hsa-miR-8081	0	0	0	0	0	0	0	0
hsa-miR-8082	0	0	0	0	0	0	0	0
hsa-miR-8083	0	0	0	0	0	0	0	0
hsa-miR-8084	0	0	0	0	0	0	0	0
hsa-miR-8085	0	1	0	0	0	0	2	0
hsa-miR-8086	0	0	0	0	0	0	0	0
hsa-miR-8087	0	0	0	0	0	0	0	0
hsa-miR-8088	0	0	2	0	0	0	0	0
hsa-miR-8089	0	0	0	0	0	0	0	0
hsa-miR-873-3p	1	0	0	1	0	0	0	0
hsa-miR-873-5p	3	1	0	0	0	0	0	1
hsa-miR-874-3p	3	3	3	2	1	2	1	2
hsa-miR-874-5p	0	1	0	0	0	0	0	0
hsa-miR-875-3p	1	0	0	0	0	0	0	0
hsa-miR-875-5p	0	0	0	0	0	0	0	0
hsa-miR-876-3p	0	0	0	0	0	0	0	0
hsa-miR-876-5p	0	0	0	0	0	0	0	0
hsa-miR-877-3p	16	8	8	4	6	5	3	4
hsa-miR-877-5p	13095	10295	10348	7539	5742	6717	5094	5514
hsa-miR-885-3p	7	5	11	11	8	4	10	6
hsa-miR-885-5p	3	3	2	0	0	1	3	0
hsa-miR-887-3p	7	4	2	1	1	4	1	3
hsa-miR-887-5p	0	0	0	0	0	0	0	0
hsa-miR-888-3p	0	0	0	0	0	0	0	0
hsa-miR-888-5p	0	1	1	0	1	0	0	0
hsa-miR-889-3p	0	9	1	0	2	6	1	1
hsa-miR-889-5p	0	0	0	0	0	1	0	0
hsa-miR-890	0	0	0	0	0	0	0	0
hsa-miR-891a-3p	0	0	0	0	0	0	0	0
hsa-miR-891a-5p	2	3	4	5	3	3	1	1
hsa-miR-891b	0	0	0	0	0	0	0	0
hsa-miR-892a	0	0	0	0	0	0	0	0
hsa-miR-892b	0	0	0	0	0	0	0	0
hsa-miR-892c-3p	0	0	0	0	0	0	0	0
hsa-miR-892c-5p	0	0	0	0	0	0	0	0
hsa-miR-9-3p	198	94	177	95	81	61	106	111
hsa-miR-9-5p	4626	3633	2484	4463	5677	4880	6344	6015
hsa-miR-920	0	0	0	0	0	0	0	0
hsa-miR-921	0	0	0	0	0	0	0	0
hsa-miR-922	0	0	0	0	0	0	0	0
hsa-miR-924	0	0	0	0	0	0	0	0
hsa-miR-92a-1-5p	489	503	367	82	80	91	69	75
hsa-miR-92a-2-5p	0	0	0	0	0	0	0	0
hsa-miR-92a-3p	30161	26728	19864	26411	30285	29759	30274	32753
hsa-miR-92b-3p	7314	6305	4659	7267	10231	10773	10882	11093
hsa-miR-92b-5p	745	391	704	660	576	802	317	441
hsa-miR-93-3p	319	596	301	138	136	173	123	128
hsa-miR-93-5p	209392	215293	119978	195230	231336	244448	241958	251878
hsa-miR-933	0	1	0	0	0	1	0	2
hsa-miR-934	16	14	39	9	3	8	0	2
hsa-miR-935	47	41	53	36	37	33	25	32
hsa-miR-936	0	0	0	0	0	0	0	0
hsa-miR-937-3p	230	122	102	209	225	311	279	254
hsa-miR-937-5p	8	19	5	7	4	9	2	2
hsa-miR-938	0	0	0	0	0	0	0	0
hsa-miR-939-3p	1	2	1	3	1	2	2	0
hsa-miR-939-5p	59	83	37	50	38	59	21	44
hsa-miR-940	151	167	191	75	34	57	30	38
hsa-miR-941	782	475	482	754	695	836	451	510
hsa-miR-942-3p	55	41	67	42	27	27	33	35
hsa-miR-942-5p	645	473	438	557	808	1005	832	888
hsa-miR-943	7	5	7	2	3	2	5	4
hsa-miR-944	678	499	362	614	543	446	462	487
hsa-miR-95-3p	1795	1846	4876	1389	1845	1516	1423	1424
hsa-miR-95-5p	4	2	4	2	6	6	4	3
hsa-miR-96-3p	12	17	7	5	7	11	2	5
hsa-miR-96-5p	56442	42441	44364	36891	40535	38810	35576	32886
hsa-miR-98-3p	86	115	66	61	65	38	50	64
hsa-miR-98-5p	20791	17054	24025	12703	13641	10535	16163	15991
hsa-miR-99a-3p	173	186	77	123	171	248	128	154
hsa-miR-99a-5p	5862	5742	5946	3519	4959	5930	4131	4542
hsa-miR-99b-3p	4571	3895	1799	3603	4274	5948	4310	4303
hsa-miR-99b-5p	205788	161644	82066	223116	351703	337503	394799	429383
