##FastQC	0.10.1
>>Basic Statistics	pass
#Measure	Value	
Filename	SRR873385.fastq	
File type	Conventional base calls	
Encoding	Sanger / Illumina 1.9	
Total Sequences	5000000	
Filtered Sequences	0	
Sequence length	37	
%GC	43	
>>END_MODULE
>>Per base sequence quality	pass
#Base	Mean	Median	Lower Quartile	Upper Quartile	10th Percentile	90th Percentile
1	37.7961756	39.0	38.0	40.0	33.0	40.0
2	36.8174744	38.0	36.0	40.0	31.0	40.0
3	37.2466594	39.0	36.0	40.0	33.0	40.0
4	37.3307334	39.0	37.0	40.0	33.0	40.0
5	37.2804572	39.0	37.0	40.0	33.0	40.0
6	37.0881964	39.0	36.0	40.0	32.0	40.0
7	37.0956746	38.0	36.0	40.0	33.0	40.0
8	37.3375386	39.0	37.0	40.0	33.0	40.0
9	37.2643022	39.0	37.0	40.0	33.0	40.0
10	36.9958206	38.0	36.0	40.0	32.0	40.0
11	37.3570382	39.0	37.0	40.0	33.0	40.0
12	37.0330146	38.0	36.0	40.0	33.0	40.0
13	37.421155	39.0	37.0	40.0	33.0	40.0
14	37.3633374	39.0	37.0	40.0	33.0	40.0
15	37.0419122	38.0	36.0	40.0	32.0	40.0
16	37.237653	39.0	36.0	40.0	33.0	40.0
17	37.4868308	39.0	37.0	40.0	33.0	40.0
18	37.1233428	39.0	36.0	40.0	33.0	40.0
19	37.4683696	39.0	37.0	40.0	33.0	40.0
20	37.280491	39.0	36.0	40.0	33.0	40.0
21	37.0627912	39.0	36.0	40.0	32.0	40.0
22	36.7903268	38.0	36.0	40.0	31.0	40.0
23	36.6001798	38.0	35.0	40.0	30.0	40.0
24	36.3586724	38.0	35.0	40.0	30.0	40.0
25	36.4286746	38.0	35.0	40.0	29.0	40.0
26	35.8587002	38.0	35.0	40.0	27.0	40.0
27	35.718182	38.0	35.0	40.0	27.0	40.0
28	35.6431414	38.0	35.0	40.0	27.0	40.0
29	35.3933878	38.0	35.0	40.0	26.0	40.0
30	35.440482	38.0	35.0	40.0	26.0	40.0
31	34.9373186	38.0	33.0	40.0	25.0	40.0
32	35.1150504	38.0	33.0	40.0	26.0	40.0
33	34.910397	38.0	33.0	40.0	25.0	40.0
34	35.1465872	38.0	33.0	40.0	26.0	40.0
35	34.1135284	38.0	32.0	40.0	21.0	40.0
36	32.9535412	38.0	32.0	40.0	12.0	40.0
37	33.1166826	38.0	33.0	40.0	12.0	40.0
>>END_MODULE
>>Per sequence quality scores	pass
#Quality	Count
4	15.0
5	19.0
6	36.0
7	42.0
8	61.0
9	83.0
10	101.0
11	143.0
12	202.0
13	201.0
14	295.0
15	431.0
16	658.0
17	1041.0
18	1707.0
19	2628.0
20	4377.0
21	6673.0
22	10322.0
23	15842.0
24	23823.0
25	35376.0
26	51158.0
27	70643.0
28	87777.0
29	110703.0
30	127858.0
31	145177.0
32	167351.0
33	199492.0
34	247313.0
35	322611.0
36	454398.0
37	627421.0
38	745543.0
39	1418298.0
40	120181.0
>>END_MODULE
>>Per base sequence content	fail
#Base	G	A	T	C
1	6.053592206908429	16.994549324621534	68.53646695659323	8.415391511876807
2	21.514777953155324	52.22912953284342	20.239818073186377	6.016274440814878
3	51.71608750409254	21.479339089258712	9.090852726697813	17.713720679950935
4	21.53246	11.87396	17.76074	48.83284
5	20.36684	13.148499999999999	51.36654000000001	15.11812
6	14.73176	11.1959	61.2877	12.78464
7	7.25904	60.6031	23.369899999999998	8.76796
8	19.0688	18.086959999999998	51.6671	11.177140000000001
9	8.547679808885075	5.943614935914606	34.615814711984314	50.892890543216005
10	22.3299	56.73496	9.8202	11.114939999999999
11	64.22722	8.8075	9.96642	16.99886
12	15.4744	54.006319999999995	12.76702	17.75226
13	22.32702	9.89034	19.501099999999997	48.28154
14	13.9989	7.99038	70.95062	7.060099999999999
15	60.51952000000001	15.1082	6.833559999999999	17.538719999999998
16	9.88758	52.178239999999995	26.71986	11.21432
17	12.57208	13.954939999999999	62.77898	10.693999999999999
18	52.22158	7.11478	21.31914	19.3445
19	8.563220000000001	16.50534	64.80646	10.12498
20	28.157179420051186	8.90205246287345	54.728516619923276	8.212251497152096
21	50.4919	8.433440000000001	22.09404	18.980620000000002
22	10.46176	52.188460000000006	29.025380000000002	8.3244
23	6.03718	23.67268	23.13072	47.159420000000004
24	13.5102	46.36994	28.79348	11.32638
25	6.0586	15.82288	54.79584	23.322680000000002
26	4.57712	11.7414	29.6616	54.01988
27	11.041784254092041	11.887053669467699	51.32250602320961	25.74865605323065
28	22.120538554046238	13.696009972867461	16.829133831176573	47.354317641909724
29	47.339187152934954	19.818560530064254	23.844130001282192	8.9981223157186
30	8.302501980301006	32.97091157855994	53.393555820484714	5.333030620654339
31	9.247390287462919	58.28704367659386	26.514907399684407	5.950658636258808
32	20.252891581256545	20.963919099339805	47.89354371890017	10.889645600503478
33	45.50759143671376	17.28734715204598	10.13070417982117	27.074357231419093
34	12.212827160197476	17.107447770389754	7.033554173968009	63.64617089544476
35	20.155354374030914	16.313289651377982	11.661881658580503	51.8694743160106
36	46.25409212036545	14.876535282748865	24.132358465543376	14.73701413134231
37	7.189253788192499	14.330016151805367	56.00395453168766	22.476775528314473
>>END_MODULE
>>Per base GC content	fail
#Base	%GC
1	14.468983718785235
2	27.5310523939702
3	69.42980818404348
4	70.36529999999999
5	35.48496
6	27.5164
7	16.027
8	30.245939999999997
9	59.44057035210108
10	33.44484
11	81.22608
12	33.22666
13	70.60856
14	21.059
15	78.05824
16	21.1019
17	23.26608
18	71.56608
19	18.6882
20	36.36943091720328
21	69.47252
22	18.78616
23	53.196600000000004
24	24.83658
25	29.381279999999997
26	58.597
27	36.7904403073227
28	69.47485619595597
29	56.33730946865355
30	13.635532600955344
31	15.198048923721727
32	31.142537181760023
33	72.58194866813284
34	75.85899805564223
35	72.0248286900415
36	60.99110625170776
37	29.66602931650697
>>END_MODULE
>>Per sequence GC content	fail
#GC Content	Count
0	437.0
1	243.0
2	49.0
3	49.0
4	34.0
5	19.0
6	19.0
7	15.0
8	11.0
9	11.5
10	12.0
11	12.0
12	17.0
13	22.0
14	22.0
15	46.5
16	71.0
17	71.0
18	106.0
19	141.0
20	212.5
21	284.0
22	284.0
23	714.0
24	1144.0
25	1144.0
26	2167.5
27	3191.0
28	8351.0
29	13511.0
30	13511.0
31	159516.5
32	305522.0
33	305522.0
34	214003.0
35	122484.0
36	134026.0
37	145568.0
38	145568.0
39	267665.0
40	389762.0
41	389762.0
42	1433999.0
43	2478236.0
44	2478236.0
45	1534887.0
46	591538.0
47	455584.5
48	319631.0
49	319631.0
50	323396.5
51	327162.0
52	327162.0
53	234648.5
54	142135.0
55	107311.5
56	72488.0
57	72488.0
58	63984.5
59	55481.0
60	55481.0
61	35811.5
62	16142.0
63	16142.0
64	11990.0
65	7838.0
66	5310.0
67	2782.0
68	2782.0
69	2185.5
70	1589.0
71	1589.0
72	1192.5
73	796.0
74	886.5
75	977.0
76	977.0
77	827.0
78	677.0
79	677.0
80	412.0
81	147.0
82	105.5
83	64.0
84	64.0
85	54.5
86	45.0
87	45.0
88	33.5
89	22.0
90	22.0
91	14.5
92	7.0
93	6.0
94	5.0
95	5.0
96	4.5
97	4.0
98	4.0
99	5.0
100	6.0
>>END_MODULE
>>Per base N content	pass
#Base	N-Count
1	0.01606
2	0.01254
3	0.00102
4	0.0
5	0.0
6	0.0
7	0.0
8	0.0
9	0.02246
10	0.0
11	0.0
12	0.0
13	0.0
14	0.0
15	0.0
16	0.0
17	0.0
18	0.0
19	0.0
20	1.4E-4
21	0.0
22	0.0
23	0.0
24	0.0
25	0.0
26	0.0
27	0.00348
28	0.01672
29	0.015139999999999999
30	0.015200000000000002
31	0.010060000000000001
32	0.02356
33	0.02156
34	0.0184
35	0.034999999999999996
36	0.01516
37	0.02356
>>END_MODULE
>>Sequence Length Distribution	pass
#Length	Count
37	5000000.0
>>END_MODULE
>>Sequence Duplication Levels	fail
#Total Duplicate Percentage	96.23799353849904
#Duplication Level	Relative count
1	100.0
2	16.41686318195628
3	7.1830558006973275
4	4.102949899451686
5	2.7437392398836824
6	1.9357358834507603
7	1.4329943143183692
8	1.105308082927041
9	0.8977011327961112
10++	8.855485308372275
>>END_MODULE
>>Overrepresented sequences	fail
#Sequence	Count	Percentage	Possible Source
TAGCTTATCAGACTGATGTTGACATCTCGTATGCCGT	1668697	33.373940000000005	No Hit
ATCTCGTATGCCGTCTTCTGCTTGAAAAAAAAAAAAA	265378	5.3075600000000005	Illumina Single End Adapter 1 (95% over 24bp)
TGAGGTAGTAGGTTGTATAGTTATCTCGTATGCCGTC	167589	3.35178	No Hit
TAGCTTATCAGACTGATGTTGAATCTCGTATGCCGTC	143000	2.86	No Hit
TGAGGTAGTAGATTGTATAGTTATCTCGTATGCCGTC	129392	2.58784	No Hit
TAATACTGCCGGGTAATGATGGAATCTCGTATGCCGT	92368	1.84736	No Hit
TAGCTTATCAGACTGATGTTGATCTCGTATGCCGTCT	68185	1.3637	No Hit
AGCTTATCAGACTGATGTTGACATCTCGTATGCCGTC	61461	1.22922	No Hit
TAGCTTATCAGACTGATGTTGACTATCTCGTATGCCG	57425	1.1485	No Hit
TGAGGTAGTAGGTTGTGTGGTTATCTCGTATGCCGTC	49924	0.99848	No Hit
TAGCTTATCAGACTGATGTTGACAATCTCGTATGCCG	38886	0.77772	No Hit
TTTGGCAATGGTAGAACTCACACTATCTCGTATGCCG	37001	0.74002	No Hit
CGGATCTCGTATGCCGTCTTCTGCTTGAAAAAAAAAA	33099	0.66198	Illumina Paired End PCR Primer 2 (96% over 27bp)
AGCAGCATTGTACAGGGCTATGAATCTCGTATGCCGT	30337	0.60674	No Hit
TGTAAACATCCCCGACTGGAAGCATCTCGTATGCCGT	27055	0.5411	No Hit
TGAAATGTTTAGGACCACTAGATCTCGTATGCCGTCT	26899	0.53798	No Hit
ATCTCGTATGCCGTCTTCTGCTTGAAAAAAAAAAAGT	26863	0.53726	Illumina Single End Adapter 1 (95% over 24bp)
CAAAGTGCTGTTCGTGCAGGTAGATCTCGTATGCCGT	24066	0.48132	No Hit
TGGCTCAGTTCAGCAGGAACAGATCTCGTATGCCGTC	22358	0.44716	No Hit
ATCTCGTATGCCGTCTTCTGCTTGAAAAAAAAAAAAC	20149	0.40298	Illumina Single End Adapter 1 (95% over 24bp)
GTGAAATGTTTAGGACCACTAGATCTCGTATGCCGTC	20087	0.40174	No Hit
CACCCGTAGAACCGACCTTGCGATCTCGTATGCCGTC	19368	0.38736	No Hit
ATCTCGTATGCCGTCTTCTGCTTGAAAAAAAAAAAAT	19305	0.3861	Illumina Single End Adapter 1 (95% over 24bp)
TTCACAGTGGCTAAGTTCTGCATCTCGTATGCCGTCT	18201	0.36402	No Hit
TGAGGTAGTAGGTTGTATAGTATCTCGTATGCCGTCT	15137	0.30274	RNA PCR Primer, Index 44 (95% over 22bp)
TAACACTGTCTGGTAAAGATGGCATCTCGTATGCCGT	14753	0.29506	No Hit
TTTGGCAATGGTAGAACTCACACTGATCTCGTATGCC	13631	0.27262	No Hit
ATCTCGTATGCCGTCTTCTGCTTGAAAAAAAAAACGT	13567	0.27133999999999997	Illumina Single End Adapter 1 (95% over 24bp)
ATCTCGTATGCCGTCTTCTGCTTGAAAAAAAAAAAGA	13221	0.26442000000000004	Illumina Single End Adapter 1 (95% over 24bp)
CAGAGTTCTACAGTCCGACGATCATCTCGTATGCCGT	12756	0.25512	Illumina DpnII expression Sequencing Primer (100% over 23bp)
TGGCTCAGTTCAGCAGGAACAGTATCTCGTATGCCGT	12746	0.25492000000000004	No Hit
TGAGGTAGTAGATTGTATAGTATCTCGTATGCCGTCT	12099	0.24198000000000003	RNA PCR Primer, Index 44 (95% over 22bp)
TAATACTGCCGGGTAATGATGGATCTCGTATGCCGTC	12001	0.24001999999999998	No Hit
GCTTATCAGACTGATGTTGACATCTCGTATGCCGTCT	11904	0.23808	No Hit
GTTCTACAGTCCGACGATCATCTCGTATGCCGTCTTC	11799	0.23598	Illumina PCR Primer Index 7 (95% over 23bp)
TCGGATCTCGTATGCCGTCTTCTGCTTGAAAAAAAAA	11771	0.23542	Illumina PCR Primer Index 9 (96% over 28bp)
AGAGTTCTACAGTCCGACGATCATCTCGTATGCCGTC	11715	0.2343	Illumina DpnII expression Sequencing Primer (100% over 22bp)
TGAGGTAGTAGGTTGTGTGGTATCTCGTATGCCGTCT	11599	0.23198	No Hit
CAACGGAATCCCAAAAGCAGCTGATCTCGTATGCCGT	11093	0.22185999999999997	No Hit
TAGCTTATCAGACTGATGTTGACCATCTCGTATGCCG	10598	0.21196	No Hit
TTTGGCAATGGTAGAACTCACACATCTCGTATGCCGT	10407	0.20814000000000002	No Hit
TTTGGCAATGGTAGAACTCACACTGGATCTCGTATGC	10345	0.2069	No Hit
TGGATCTCGTATGCCGTCTTCTGCTTGAAAAAAAAAA	10026	0.20052	Illumina PCR Primer Index 2 (96% over 27bp)
ATGGCACTGGTAGAATTCACTGATCTCGTATGCCGTC	9789	0.19578	No Hit
TTATCAGACTGATGTTGACATCTCGTATGCCGTCTTC	9471	0.18942	RNA PCR Primer, Index 41 (95% over 22bp)
CTACAGTCCGACGATCATCTCGTATGCCGTCTTCTGC	9450	0.189	Illumina PCR Primer Index 7 (96% over 26bp)
TTCACAGTGGCTAAGTTCCGCATCTCGTATGCCGTCT	9285	0.1857	RNA PCR Primer, Index 18 (95% over 22bp)
TGAGGTAGTAGGTTGTATGGTTATCTCGTATGCCGTC	9249	0.18498	No Hit
CCGGATCTCGTATGCCGTCTTCTGCTTGAAAAAAAAA	8733	0.17466	RNA PCR Primer, Index 18 (96% over 28bp)
TGTAAACATCCTTGACTGGAAGCATCTCGTATGCCGT	8688	0.17376	No Hit
ATCAGACTGATGTTGACATCTCGTATGCCGTCTTCTG	8530	0.1706	RNA PCR Primer, Index 41 (95% over 24bp)
CTAGACTGAAGCTCCTTGAGGATCTCGTATGCCGTCT	8223	0.16446	RNA PCR Primer, Index 26 (95% over 21bp)
TGAGGTAGTAGTTTGTACAGTTATCTCGTATGCCGTC	8196	0.16391999999999998	RNA PCR Primer, Index 5 (95% over 21bp)
AGTTCTACAGTCCGACGATCATCTCGTATGCCGTCTT	8195	0.16390000000000002	Illumina PCR Primer Index 7 (95% over 22bp)
TATGGCACTGGTAGAATTCACTGATCTCGTATGCCGT	8157	0.16314	No Hit
AACATTCAACGCTGTCGGTGAGTATCTCGTATGCCGT	7827	0.15654	No Hit
CACCCGTAGAACCGACCTTGCATCTCGTATGCCGTCT	7741	0.15482	TruSeq Adapter, Index 8 (95% over 21bp)
ATCTCGTATGCCGTCTTCTGCTTGAAAAAAAAAAATC	7605	0.1521	Illumina Single End Adapter 1 (95% over 24bp)
AAAAATTTCGGTTGGGATCTCGTATGCCGTCTTCTGC	7578	0.15156	RNA PCR Primer, Index 34 (96% over 25bp)
TAAAGTGCTTATAGTGCAGGTAGATCTCGTATGCCGT	7545	0.15089999999999998	No Hit
TGAGGTAGGAGGTTGTATAGTTATCTCGTATGCCGTC	7373	0.14746	No Hit
ACTGGACTTGGAGTCAGAAGGCATCTCGTATGCCGTC	6897	0.13794	No Hit
TTCTACAGTCCGACGATCATCTCGTATGCCGTCTTCT	6854	0.13707999999999998	Illumina PCR Primer Index 7 (95% over 24bp)
TTCACAGTGGCTAAGTTCTGATCTCGTATGCCGTCTT	6820	0.1364	Illumina PCR Primer Index 9 (95% over 21bp)
AAAATTTCGGTTGGGATCTCGTATGCCGTCTTCTGCT	6594	0.13188	Illumina PCR Primer Index 5 (96% over 25bp)
TCGTATGCCGTCTTCTGCTTGAAAAAAAAAAAAAAAA	6295	0.12589999999999998	Illumina Single End Adapter 1 (100% over 21bp)
TCTACAGTCCGACGATCATCTCGTATGCCGTCTTCTG	6246	0.12492	Illumina PCR Primer Index 7 (100% over 24bp)
ATCTCGTATGCCGTCTTCTGCTTGAAAAAAAAAAACT	6031	0.12061999999999999	Illumina Single End Adapter 1 (95% over 24bp)
TGCATCTCGTATGCCGTCTTCTGCTTGAAAAAAAAAA	5962	0.11924	Illumina PCR Primer Index 2 (96% over 27bp)
TGGCTCAGTTCAGCAGGAACATCTCGTATGCCGTCTT	5878	0.11756	RNA PCR Primer, Index 7 (95% over 21bp)
TCTGCATCTCGTATGCCGTCTTCTGCTTGAAAAAAAA	5788	0.11576	RNA PCR Primer, Index 18 (96% over 29bp)
TTTGGCAATGGTAGAACTCACAATCTCGTATGCCGTC	5781	0.11562	RNA PCR Primer, Index 40 (95% over 21bp)
TGAGGTAGTAGGTTGTGTGGTTTATCTCGTATGCCGT	5671	0.11341999999999999	No Hit
ATCTCGTATGCCGTCTTCTGCTTGAAAAAAAAAAAAG	5304	0.10608	Illumina Single End Adapter 1 (95% over 24bp)
GAGTTCTACAGTCCGACGATCATCTCGTATGCCGTCT	5291	0.10582	Illumina DpnII expression Sequencing Primer (100% over 21bp)
TAAAGTGCTGACAGTGCAGATAATCTCGTATGCCGTC	5235	0.1047	Illumina PCR Primer Index 7 (95% over 21bp)
CGCATCTCGTATGCCGTCTTCTGCTTGAAAAAAAAAA	5187	0.10374	Illumina PCR Primer Index 3 (96% over 27bp)
ATCTCGTATGCCGTCTTCTGCTTGAAAAAAAAAAACA	5093	0.10185999999999999	Illumina Single End Adapter 1 (95% over 24bp)
TATGGCACTGGTAGAATTCACTATCTCGTATGCCGTC	5047	0.10093999999999999	No Hit
ATCTCGTATGCCGTCTTCTGCTTGAAAAAAAAAAACG	5017	0.10034	Illumina Single End Adapter 1 (95% over 24bp)
CTAGACTGAAGCTCCTTGAGGAATCTCGTATGCCGTC	5012	0.10024000000000001	No Hit
CTCGCATCTCGTATGCCGTCTTCTGCTTGAAAAAAAA	5009	0.10017999999999999	Illumina PCR Primer Index 3 (96% over 27bp)
>>END_MODULE
>>Kmer Content	fail
#Sequence	Count	Obs/Exp Overall	Obs/Exp Max	Max Obs/Exp Position
AAAAA	5509645	49.690388	216.66695	30
TGCCG	4910560	38.797096	551.9068	32
ATGCC	4837930	36.597412	528.71063	31
GCCGT	4558145	36.012756	551.5274	33
TCTCG	4876735	26.075836	373.2018	25
CTCGT	4863825	26.006807	372.8021	26
ATCTC	4856420	24.862673	357.08304	24
TCGTA	4911540	24.637901	349.9616	27
CGTAT	4898705	24.573517	349.8681	28
TATGC	4852265	24.340557	349.96616	30
GTATG	4888955	24.03015	342.56497	29
CAGAC	2235410	23.92377	740.28937	9
CCGTC	2452805	19.777746	232.89392	33
GACTG	2318025	17.181585	512.8573	11
ACTGA	2317385	16.446213	490.97104	12
TCAGA	2277375	16.162266	492.58945	8
AGACT	2263455	16.063477	490.8376	10
ATCAG	2247595	15.950921	490.91946	7
ACATC	1933785	14.006238	412.22217	22
TGACA	1911125	13.563033	413.44913	20
GACAT	1847215	13.10947	402.3222	21
CATCT	2358755	12.075758	304.39493	23
TGATG	2384140	11.718504	339.75107	14
CTGAT	2304260	11.558927	347.05478	13
GCTTA	2219795	11.135222	346.953	3
GTTGA	2244290	11.031114	338.44098	18
GATGT	2241640	11.018089	338.9661	15
AGCTT	2193230	11.001964	346.8809	2
TATCA	2225790	10.69037	332.26553	6
TAGCT	2121110	10.640185	346.77472	1
TTGAC	2000275	10.034038	307.2687	19
TTATC	2687350	9.1232815	234.9215	5
CGTCT	1571350	8.401987	76.0159	12
TGTTG	2249355	7.81478	239.21521	17
GAAAA	829145	7.8101034	132.62372	24
ATGTT	2302445	7.658973	229.30286	16
CTTAT	2224680	7.552563	234.88507	4
TGAAA	905335	6.0277324	93.75449	23
TCTGC	1043005	5.576933	80.12586	17
CTGCT	961960	5.143587	76.76226	18
GGTAG	681935	4.952706	116.36903	4
TTGAA	1013670	4.7704525	66.26364	22
GCTTG	875130	4.584965	75.1031	20
GTCTT	1269425	4.5010247	50.403343	13
CTTGA	887900	4.453998	71.58735	21
TCTTC	1184560	4.2865405	51.44644	14
CTTCT	1133070	4.100215	51.850018	15
TTCTG	1111995	3.942822	54.55259	16
TGAGG	527170	3.8286908	118.00089	1
AGGTA	543685	3.7806761	110.75167	3
GAGGT	509630	3.7013025	115.82686	2
AGTAG	492340	3.4236333	109.02868	7
GATCT	667300	3.3473964	22.054441	21
GAATC	462910	3.2852187	39.821377	21
TGCTT	916235	3.248712	50.80644	19
AATCT	622185	2.9883265	31.25177	22
TATCT	812360	2.7578802	49.43782	22
GTAGA	390070	2.7124684	36.67834	8
CCGAC	219890	2.508424	29.600441	12
GTAGT	508735	2.5005298	75.83005	5
GTAGG	343510	2.4948187	72.48328	8
TAGTA	525860	2.47476	72.56806	6
GCATC	291140	2.2023818	15.945891	22
GGTTG	382585	1.9640197	54.344055	11
GGATC	258210	1.9138954	11.453737	2
ATAGT	405545	1.9085432	58.54073	17
TATAG	403600	1.89939	58.217747	16
GTATA	397445	1.8704238	58.32716	15
GACGA	165190	1.73225	8.127726	13
AGTTA	365395	1.7195927	53.65399	19
ACAGT	242180	1.7187233	11.359471	4
CGACG	150100	1.677763	8.667163	12
AGGTT	337445	1.6586068	51.125893	10
TTGTA	488705	1.6256539	43.94589	13
TAGGT	327550	1.6099709	48.85252	9
CCGGG	133640	1.560141	43.760845	9
GCCGG	132270	1.5441473	43.73195	8
CGATC	204025	1.5433846	6.432271	21
AGAAC	150680	1.5128816	32.984905	13
TACAG	209915	1.4897424	8.673569	11
TGTAT	444540	1.478741	42.790676	14
GTTAT	437630	1.4557552	43.875137	20
GGAAT	193535	1.3458034	22.41462	21
AGATC	188805	1.3399272	13.600456	21
TAGTT	389240	1.2947882	37.892715	18
TGGAA	185315	1.2886431	22.259764	20
TAGAT	269035	1.2661109	24.443037	9
TGGCA	165935	1.2299378	27.113424	3
ACGAT	172725	1.2258092	5.609485	14
CAGTC	161105	1.2187083	7.5858884	7
AGCAG	114750	1.2033155	17.715605	12
TAGAA	180065	1.1988751	23.13301	12
TCCGA	158250	1.1971111	6.4647193	10
GTTGT	342110	1.1885693	35.766174	12
GTCCG	150200	1.1866924	6.7651644	9
AGTCC	156170	1.1813767	6.6409297	8
TGAAT	245465	1.1551877	24.638678	20
CAGCA	107125	1.1464715	18.027163	11
TCACA	156195	1.1313068	20.665138	18
GATGG	153755	1.1166803	30.919542	18
GGTAA	158035	1.0989435	32.143147	12
GCAGG	99920	1.0943512	18.58936	13
CTGCC	134260	1.082581	31.449535	6
CTACA	146765	1.0630062	6.4454517	4
GGCAA	97435	1.0217433	30.173618	4
CGGGT	129080	0.99926716	28.649683	10
GGGTA	136230	0.989401	26.954672	11
ACTGC	130110	0.98424095	29.550886	5
TGGTA	200215	0.9840949	17.23152	9
TGATC	192595	0.9661199	13.440901	20
AGCAT	132825	0.9426436	10.447389	21
CACAC	85305	0.9317351	27.66565	19
AATGA	137765	0.91724104	25.828564	15
CACTA	125430	0.90847856	9.395734	21
ATGGA	130465	0.90722734	25.631485	19
ACTGG	121705	0.90209764	12.821616	15
GATTG	180500	0.887192	25.747833	11
GACCA	82895	0.88715756	12.913876	13
CACTG	117020	0.8852192	6.731795	21
AATAC	128435	0.87271726	26.887583	2
GTATC	173540	0.87053376	8.7741165	20
GAACT	122580	0.86993605	23.286798	14
GAAGC	80640	0.8456241	16.049591	19
AGTTC	167740	0.841439	9.0004015	7
CTGGA	112565	0.8343505	12.875435	16
ATGAT	176800	0.832042	19.081116	16
CTATC	161985	0.8292899	18.39389	23
AGATT	176085	0.8286771	24.566446	10
AAAAC	85200	0.819052	8.781557	31
ACCAC	74600	0.8148109	13.579635	14
GGACC	72355	0.80875766	13.482046	12
CAGGA	75975	0.79670495	17.687923	14
AAAAG	83675	0.7881738	14.504073	32
CTCAC	100680	0.77728367	21.855356	17
AGGAC	74060	0.7766235	12.781532	11
GACAA	76270	0.76577836	15.9035845	21
AAACA	79595	0.76516956	16.897161	4
AGGAA	76500	0.75260174	16.620073	15
GCAAT	104315	0.74031144	20.767124	5
GGAAG	71940	0.73918253	17.236393	18
ATTGT	217740	0.7243017	17.351812	12
CAATC	99125	0.7179538	10.686623	23
TACTG	142920	0.71693367	19.900227	4
AACTC	98940	0.7166138	20.708134	15
AAGCA	70290	0.70573694	12.915358	20
ACACT	97015	0.70267123	15.868686	20
GGCTA	94400	0.69970846	9.716522	9
GTAAT	148440	0.69857645	18.129992	13
CGGAT	94010	0.69681776	8.3461485	1
GGAAC	66135	0.6935187	17.456116	16
GAACA	67640	0.6791301	16.698696	17
AATGG	96870	0.6736144	20.028273	7
ACTCA	92710	0.6714905	20.71413	16
CAATG	94450	0.6703007	20.401743	6
CACAG	62170	0.6653547	14.550795	3
TAGGA	95450	0.6637401	8.421831	10
GCAGC	58445	0.6532768	13.240615	2
AACAT	95675	0.6501127	12.002253	5
GAAAT	95710	0.63723844	8.11315	2
CCCCG	52360	0.6366755	15.525032	10
AGTGC	84770	0.62832934	11.337073	4
ACTAT	129955	0.62416804	16.127466	22
CAGGG	56295	0.61655825	12.950033	13
ATACT	126845	0.6092308	19.008022	3
TAATG	128990	0.6070423	18.104368	14
CAGTG	80210	0.5945298	9.685944	5
GACTA	83315	0.5912769	14.842714	21
GTAAA	88240	0.5875031	11.679199	2
CTAGA	82035	0.58219284	6.7779884	18
CTCAG	76205	0.5764667	12.734748	4
ACAGA	57305	0.5753629	8.618522	19
TAATA	126480	0.56991136	17.858776	1
AGGGC	52035	0.5699016	12.866918	14
AAAGT	85525	0.56942654	10.264204	2
GGCTC	72020	0.5690118	13.368977	2
AACAG	56190	0.5641679	13.3940735	18
ATCCC	72500	0.55972457	13.282521	8
ATGGT	113330	0.55703866	14.32459	8
TTGGC	105875	0.5546984	16.158966	2
CCCGA	48320	0.5512167	14.484039	11
CGGAA	52370	0.5491733	6.1485605	4
GTGCA	73840	0.54731435	11.785859	14
ACTAG	76870	0.5455375	8.022591	17
AAATG	81150	0.54029775	8.101045	3
GTGGT	105210	0.54010093	12.782715	17
TGGCT	102945	0.5393475	8.9869375	1
TGACT	107345	0.53847784	12.262411	20
GCTCA	70625	0.53425574	12.864696	3
TGTGG	102420	0.5257783	13.395892	16
GGGCT	67775	0.5246771	10.456264	15
CCACT	67560	0.52158606	9.18589	15
GAACC	48165	0.51547074	10.366615	9
GGCAC	45470	0.508247	8.853414	4
ACAAT	74050	0.5031706	10.105015	22
ACAGG	47930	0.5026136	12.575657	12
AAAGA	51435	0.48449022	6.105728	15
CGACC	41820	0.47706714	11.1039295	13
GTGTG	90655	0.46538207	13.435684	15
ACCCG	40415	0.46103942	11.186534	2
CATCC	59460	0.45905134	13.472344	7
AACCG	42220	0.45184618	10.304261	10
CAGAT	63145	0.44813272	5.7816043	20
TCAGC	58600	0.44329044	12.747229	10
AGTGG	60575	0.43993956	9.526613	6
GAGGA	42480	0.43648142	5.3058524	18
CACCC	37390	0.43530786	11.226452	1
CCCGT	53400	0.43058115	7.9551673	3
GGTTA	87210	0.4286538	10.970735	19
CGACT	56230	0.42536214	9.868057	13
GCACT	56220	0.4252865	7.3998923	5
CAGAG	40245	0.42202556	6.069154	1
CAAAG	41880	0.42049038	11.628624	1
TGCAG	56505	0.41882446	11.782191	15
TCAGT	82595	0.4143237	8.459864	5
TTCAC	79385	0.40641528	6.7320366	1
CCTTG	75050	0.40129134	5.7409825	16
GTGGC	51310	0.39721408	10.407509	7
GTACA	55495	0.3938416	8.46516	10
GACCT	51520	0.38973248	7.250969	14
TAAAC	57310	0.3894221	11.858456	3
TTTGG	111540	0.38751578	10.832414	1
TCCCC	46225	0.38039634	10.487497	9
ACCGA	35140	0.37607476	10.314857	11
AAGTG	54000	0.3755051	10.91719	3
AACAC	36615	0.37519234	8.7210865	2
CCGGA	33380	0.37310946	5.04698	1
TGCTG	71020	0.3720867	6.1253347	6
CAGTT	73340	0.36789757	8.417647	6
AGTAT	77945	0.36681852	5.314544	19
TTGTG	104945	0.36460322	9.911931	13
CAGGT	48915	0.3625661	9.22399	17
CCGTA	47520	0.35947374	8.063427	4
CTAAG	50545	0.358712	9.277721	11
GTCGG	46275	0.35823587	5.5710554	14
GTTCA	71385	0.35809064	8.479731	8
TTAGG	72130	0.35453275	5.884429	9
GTGAA	50585	0.35175788	6.1660137	1
CAACG	32790	0.35092464	5.090166	1
GCTAA	48715	0.34572473	9.3538265	10
TTGAT	103305	0.34363914	8.371333	19
TGTAA	72685	0.34206432	8.4197235	1
TTCAG	66835	0.33526635	8.433375	9
TGGTT	96455	0.33510697	8.347169	18
AATGT	70435	0.33147553	5.683334	4
CATTG	64740	0.3247571	6.0088205	6
GCTAT	64130	0.32169718	5.934653	17
ATGAA	48275	0.32141557	6.8959727	20
GTGCT	60605	0.3175206	8.154432	5
CGTAG	42775	0.31705543	7.958889	5
TGTGT	87300	0.30330038	9.1198015	14
ACGGA	27635	0.28979194	5.093297	3
CGTGC	35720	0.28221473	7.2394114	13
TGTAC	55980	0.2808141	5.9194217	9
AAACG	27775	0.27887103	6.581739	32
GCGAT	36185	0.26820922	5.686273	20
CGGTG	33310	0.25786787	5.3807607	16
TGCGA	34165	0.25323668	5.453931	19
GCATT	47735	0.23945446	5.9293547	5
AACGG	22460	0.23552474	5.0628543	2
CTATG	45775	0.22962244	5.8287206	18
AAGTT	48335	0.22747028	6.144522	13
TATGA	48290	0.22725853	5.4830256	19
TAACA	32565	0.22127955	5.037273	1
TAAGT	46935	0.22088172	6.132876	12
CTTGC	39995	0.2138527	5.139361	17
>>END_MODULE
