##FastQC	0.10.1
>>Basic Statistics	pass
#Measure	Value	
Filename	SRR873383.fastq	
File type	Conventional base calls	
Encoding	Sanger / Illumina 1.9	
Total Sequences	5000000	
Filtered Sequences	0	
Sequence length	37	
%GC	43	
>>END_MODULE
>>Per base sequence quality	pass
#Base	Mean	Median	Lower Quartile	Upper Quartile	10th Percentile	90th Percentile
1	37.3965534	38.0	37.0	40.0	33.0	40.0
2	36.6356698	38.0	35.0	40.0	31.0	40.0
3	36.8609712	38.0	36.0	40.0	31.0	40.0
4	37.1172994	39.0	36.0	40.0	33.0	40.0
5	37.0136296	39.0	36.0	40.0	32.0	40.0
6	36.544971	39.0	35.0	40.0	30.0	40.0
7	36.8230694	38.0	36.0	40.0	32.0	40.0
8	37.2307916	39.0	37.0	40.0	33.0	40.0
9	35.8722948	38.0	35.0	38.0	31.0	39.0
10	36.719354	38.0	35.0	40.0	31.0	40.0
11	37.2558262	39.0	37.0	40.0	33.0	40.0
12	36.8048232	38.0	36.0	40.0	32.0	40.0
13	37.2711352	39.0	36.0	40.0	33.0	40.0
14	37.2583196	39.0	37.0	40.0	33.0	40.0
15	36.8929678	38.0	36.0	40.0	32.0	40.0
16	37.1006666	39.0	36.0	40.0	33.0	40.0
17	37.4106564	39.0	37.0	40.0	33.0	40.0
18	37.0518152	39.0	36.0	40.0	32.0	40.0
19	37.2140524	39.0	37.0	40.0	33.0	40.0
20	37.2157904	39.0	36.0	40.0	33.0	40.0
21	36.3178798	38.0	35.0	39.0	30.0	40.0
22	36.2519456	38.0	35.0	39.0	30.0	40.0
23	34.660317	37.0	33.0	38.0	27.0	39.0
24	35.647815	38.0	34.0	39.0	28.0	40.0
25	34.8356552	38.0	33.0	40.0	27.0	40.0
26	31.4160528	35.0	30.0	36.0	17.0	39.0
27	32.8076912	36.0	30.0	38.0	19.0	40.0
28	32.5123586	36.0	30.0	38.0	18.0	40.0
29	32.2996118	35.0	30.0	38.0	19.0	40.0
30	32.0634322	35.0	29.0	38.0	19.0	39.0
31	30.7477876	35.0	26.0	39.0	11.0	40.0
32	32.2858212	35.0	29.0	39.0	19.0	40.0
33	31.8909332	35.0	29.0	38.0	18.0	39.0
34	30.4821794	33.0	27.0	37.0	16.0	39.0
35	29.7487276	33.0	26.0	36.0	16.0	38.0
36	26.4147408	32.0	17.0	36.0	6.0	38.0
37	27.513697	31.0	21.0	36.0	10.0	38.0
>>END_MODULE
>>Per sequence quality scores	pass
#Quality	Count
3	3.0
4	11.0
5	32.0
6	32.0
7	58.0
8	70.0
9	109.0
10	126.0
11	160.0
12	202.0
13	289.0
14	514.0
15	1012.0
16	2135.0
17	3809.0
18	6074.0
19	9234.0
20	12750.0
21	17956.0
22	23739.0
23	32188.0
24	43851.0
25	66074.0
26	84756.0
27	112593.0
28	142706.0
29	162146.0
30	171346.0
31	192344.0
32	228188.0
33	284576.0
34	364736.0
35	485570.0
36	610957.0
37	697452.0
38	805755.0
39	436447.0
>>END_MODULE
>>Per base sequence content	fail
#Base	G	A	T	C
1	5.147982062780269	15.517256566303653	74.65857222934017	4.676189141575913
2	25.06364	55.304660000000005	15.92094	3.7107599999999996
3	51.90051444390977	26.290079804606513	6.66187063021679	15.147535121266923
4	22.700200000000002	10.6323	16.4173	50.2502
5	23.94672	11.62754	52.35954	12.0662
6	12.90888	8.27176	66.29598	12.523380000000001
7	7.3903	66.35194	19.922719999999998	6.33504
8	24.850509581426827	15.511323431705609	51.90746534090296	7.730701645964609
9	7.434883940001884	5.431766713193734	35.66954675810212	51.463802588702265
10	19.554110292611746	62.85626456018637	8.685311171983	8.904313975218884
11	68.58964807652193	7.804872780465678	8.56413596937107	15.04134317364133
12	18.86444	56.68208	9.879100000000001	14.574380000000001
13	20.56651290642065	8.125473000756802	21.7187947500716	49.58921934275095
14	11.89086	7.8544	74.54581999999999	5.70892
15	65.16834	15.856480000000001	6.28962	12.68556
16	9.24068	55.631240000000005	28.571980000000003	6.5561
17	12.08414	18.053939999999997	62.85226	7.009659999999999
18	52.8925	8.8643	22.6159	15.6273
19	9.298639999999999	22.40052	62.2808	6.02004
20	30.116727532885058	9.245378230928146	54.822378580744726	5.815515655442068
21	52.98104	9.70596	21.79964	15.51336
22	11.43798	55.530179999999994	27.48366	5.5481799999999994
23	4.8653	27.8548	19.355040000000002	47.92486
24	10.5678	52.10352	27.78766	9.54102
25	3.10952	14.83238	58.21832	23.839779999999998
26	3.5230821199411517	11.247416519181584	29.661246942202208	55.56825441867505
27	9.00082360032944	10.975284390113755	52.33462093384838	27.689271075708433
28	23.11346696902918	12.106177658317687	14.208544108482387	50.57181126417074
29	49.444913166208735	16.926442116374467	24.97249524681452	8.656149470602276
30	7.902838378156499	30.642249770556496	56.88700577629518	4.567906074991819
31	7.9652153258635785	56.28427973143548	27.965781054277027	7.784723888423913
32	22.493778208123942	15.251952562337953	51.68080407157262	10.573465157965494
33	50.05317140680838	10.695766115438076	9.562469850361756	29.688592627391785
34	11.88159747431853	10.132924073461853	6.2235290539020705	71.76194939831755
35	22.704967873461875	9.420469785967807	10.701709700467777	57.17285264010253
36	51.65346509772654	6.649638154770347	26.340164756602597	15.35673199090052
37	7.42780132615158	6.113173844619146	61.1619091749026	25.297115654326678
>>END_MODULE
>>Per base GC content	fail
#Base	%GC
1	9.824171204356182
2	28.7744
3	67.0480495651767
4	72.9504
5	36.01292
6	25.43226
7	13.72534
8	32.581211227391435
9	58.89868652870415
10	28.45842426783063
11	83.63099125016326
12	33.43882
13	70.15573224917159
14	17.599780000000003
15	77.8539
16	15.796779999999998
17	19.093799999999998
18	68.5198
19	15.31868
20	35.93224318832713
21	68.4944
22	16.98616
23	52.79016
24	20.108819999999998
25	26.949299999999997
26	59.091336538616204
27	36.69009467603787
28	73.68527823319992
29	58.101062636811015
30	12.470744453148317
31	15.749939214287492
32	33.067243366089436
33	79.74176403420017
34	83.64354687263608
35	79.87782051356442
36	67.01019708862705
37	32.724916980478255
>>END_MODULE
>>Per sequence GC content	fail
#GC Content	Count
0	332.0
1	203.5
2	75.0
3	75.0
4	45.5
5	16.0
6	16.0
7	22.0
8	28.0
9	56.0
10	84.0
11	84.0
12	202.0
13	320.0
14	320.0
15	606.5
16	893.0
17	893.0
18	1428.5
19	1964.0
20	3133.0
21	4302.0
22	4302.0
23	5737.0
24	7172.0
25	7172.0
26	9339.5
27	11507.0
28	15994.0
29	20481.0
30	20481.0
31	105802.5
32	191124.0
33	191124.0
34	175470.5
35	159817.0
36	154478.0
37	149139.0
38	149139.0
39	356578.0
40	564017.0
41	564017.0
42	1458650.0
43	2353283.0
44	2353283.0
45	1512517.0
46	671751.0
47	509742.5
48	347734.0
49	347734.0
50	293133.0
51	238532.0
52	238532.0
53	184225.0
54	129918.0
55	96516.5
56	63115.0
57	63115.0
58	55348.0
59	47581.0
60	47581.0
61	32096.0
62	16611.0
63	16611.0
64	13199.0
65	9787.0
66	7001.0
67	4215.0
68	4215.0
69	3324.0
70	2433.0
71	2433.0
72	1898.5
73	1364.0
74	1296.0
75	1228.0
76	1228.0
77	961.5
78	695.0
79	695.0
80	464.0
81	233.0
82	163.0
83	93.0
84	93.0
85	83.0
86	73.0
87	73.0
88	46.0
89	19.0
90	19.0
91	17.0
92	15.0
93	15.0
94	15.0
95	15.0
96	16.5
97	18.0
98	18.0
99	17.0
100	16.0
>>END_MODULE
>>Per base N content	warn
#Base	N-Count
1	0.096
2	0.0
3	7.6E-4
4	0.0
5	0.0
6	0.0
7	0.0
8	2.8E-4
9	8.600000000000001E-4
10	0.0012799999999999999
11	4.1999999999999996E-4
12	0.0
13	1.5999999999999999E-4
14	0.0
15	0.0
16	0.0
17	0.0
18	0.0
19	0.0
20	0.00474
21	0.0
22	0.0
23	0.0
24	0.0
25	0.0
26	3.01844
27	3.9999999999999996E-5
28	0.0317
29	0.03546
30	0.01896
31	0.30552
32	0.0288
33	0.04026
34	0.06024
35	0.04214
36	6.08692
37	0.03556
>>END_MODULE
>>Sequence Length Distribution	pass
#Length	Count
37	5000000.0
>>END_MODULE
>>Sequence Duplication Levels	fail
#Total Duplicate Percentage	95.10343570343295
#Duplication Level	Relative count
1	100.0
2	12.629485539804875
3	5.243034397787613
4	3.0226126783669587
5	1.93048124761452
6	1.3827415110384957
7	1.0673559169953328
8	0.7787546621490414
9	0.6689388714418679
10++	7.19829115915924
>>END_MODULE
>>Overrepresented sequences	fail
#Sequence	Count	Percentage	Possible Source
TAGCTTATCAGACTGATGTTGACATCTCGTATGCCGT	1511797	30.23594	No Hit
TGAGGTAGTAGGTTGTATAGTTATCTCGTATGCCGTC	209164	4.18328	No Hit
TGAGGTAGTAGATTGTATAGTTATCTCGTATGCCGTC	136254	2.7250799999999997	No Hit
ATCTCGTATGCCGTCTTCTGCTTGAAAAAAAAAAAAA	118386	2.36772	Illumina Single End Adapter 1 (95% over 24bp)
TAATACTGCCGGGTAATGATGGAATCTCGTATGCCGT	99981	1.99962	No Hit
TAGCTTATCAGACTGATGTTGAATCTCGTATGCCGTC	83752	1.6750399999999999	No Hit
TGAGGTAGTAGGTTGTGTGGTTATCTCGTATGCCGTC	62726	1.2545199999999999	No Hit
AGCTTATCAGACTGATGTTGACATCTCGTATGCCGTC	49293	0.9858600000000001	No Hit
TAGCTTATCAGACTGATGTTGACATCTCGTCTGCCGT	47981	0.9596199999999999	No Hit
TAGCTTATCAGACTGATGTTGATCTCGTATGCCGTCT	40218	0.80436	No Hit
TAGCTTATCAGACTGATGTTGACAATCTCGTATGCCG	39696	0.7939200000000001	No Hit
TAGCTTATCAGACTGATGTTGACTATCTCGTATGCCG	34040	0.6808	No Hit
ATCTCGTATGCCGTCTTCTGCTTGAAAAAAAAAAAGT	33180	0.6636000000000001	Illumina Single End Adapter 1 (95% over 24bp)
AGCAGCATTGTACAGGGCTATGAATCTCGTATGCCGT	31555	0.6311	No Hit
TGGCTCAGTTCAGCAGGAACAGATCTCGTATGCCGTC	31291	0.62582	No Hit
TAGCTTATCAGACTGATGTTGACATCTCGTTTGCCGT	28278	0.5655600000000001	No Hit
TAACACTGTCTGGTAAAGATGGCATCTCGTATGCCGT	27468	0.5493600000000001	No Hit
CAAAGTGCTGTTCGTGCAGGTAGATCTCGTATGCCGT	21780	0.4356	No Hit
TTTGGCAATGGTAGAACTCACACTATCTCGTATGCCG	20763	0.41526	No Hit
ATCTCGTATGCCGTCTTCTGCTTGAAAAAAAAAACGT	19523	0.39046	Illumina Single End Adapter 1 (95% over 24bp)
CGGATCTCGTATGCCGTCTTCTGCTTGAAAAAAAAAA	17486	0.34972	Illumina Paired End PCR Primer 2 (96% over 27bp)
TGAAATGTTTAGGACCACTAGATCTCGTATGCCGTCT	17299	0.34598	No Hit
TGTAAACATCCCCGACTGGAAGCATCTCGTATGCCGT	17176	0.34352	No Hit
TGAGGTAGTAGGTTGTATAGTATCTCGTATGCCGTCT	16814	0.33628	RNA PCR Primer, Index 44 (95% over 22bp)
TGGCTCAGTTCAGCAGGAACAGTATCTCGTATGCCGT	16357	0.32714	No Hit
TTCACAGTGGCTAAGTTCTGCATCTCGTATGCCGTCT	15800	0.316	No Hit
ATCTCGTATGCCGTCTTCTGCTTGAAAAAAAAAAAGA	14175	0.2835	Illumina Single End Adapter 1 (95% over 24bp)
ATCTCGTATGCCGTCTTCTGCTTGAAAAAAAAAAAAC	13655	0.2731	Illumina Single End Adapter 1 (95% over 24bp)
GTGAAATGTTTAGGACCACTAGATCTCGTATGCCGTC	13249	0.26498	No Hit
ATCTCGTATGCCGTCTTCTGCTTGAAAAAAAAAAAAT	12463	0.24926	Illumina Single End Adapter 1 (95% over 24bp)
TAAAGTGCTTATAGTGCAGGTAGATCTCGTATGCCGT	12188	0.24375999999999998	No Hit
TGAGGTAGTAGGTTGTATGGTTATCTCGTATGCCGTC	12078	0.24156	No Hit
TGAGGTAGTAGGTTGTGTGGTATCTCGTATGCCGTCT	11406	0.22812000000000002	No Hit
CACCCGTAGAACCGACCTTGCGATCTCGTATGCCGTC	11267	0.22534	No Hit
TGAGGTAGTAGATTGTATAGTATCTCGTATGCCGTCT	10837	0.21674	RNA PCR Primer, Index 44 (95% over 22bp)
GCTTATCAGACTGATGTTGACATCTCGTATGCCGTCT	10638	0.21275999999999998	No Hit
TGAGGTAGTAGGTTGTGTGGTTTATCTCGTATGCCGT	10012	0.20024	No Hit
TAGCTTATCAGACTGATGTTGACATCTCGTATGACGT	9433	0.18866	No Hit
TAATACTGCCGGGTAATGATGGATCTCGTATGCCGTC	9128	0.18256	No Hit
TGAGGTAGGAGGTTGTATAGTTATCTCGTATGCCGTC	9061	0.18122	No Hit
TGAGGTAGTAGTTTGTACAGTTATCTCGTATGCCGTC	9029	0.18058	RNA PCR Primer, Index 5 (95% over 21bp)
CAACGGAATCCCAAAAGCAGCTGATCTCGTATGCCGT	8638	0.17276	No Hit
TGAGGTAGTAGGTTGTATAGTTAATCTCGTATGCCGT	8550	0.17099999999999999	No Hit
AACATTCAACGCTGTCGGTGAGTATCTCGTATGCCGT	8410	0.1682	No Hit
TGAGGTAGTAGGTTGTATAGTTATCTCGTAAGCCGTC	8377	0.16754	No Hit
TTTGGCAATGGTAGAACTCACACTGATCTCGTATGCC	8113	0.16226000000000002	No Hit
TGAGGTAGTAGGTTGTATAGTTATCTCGTACGCCGTC	8028	0.16056	No Hit
TAAAGTGCTGACAGTGCAGATAATCTCGTATGCCGTC	7947	0.15894	Illumina PCR Primer Index 7 (95% over 21bp)
ATCTCGTATGCCGTCTTCTGCTTGAAAAAAAAAAATC	7870	0.1574	Illumina Single End Adapter 1 (95% over 24bp)
TTATCAGACTGATGTTGACATCTCGTATGCCGTCTTC	7827	0.15654	RNA PCR Primer, Index 41 (95% over 22bp)
ATCTCGTATGCCGTCTTCTGCTTGAAAAAAAAACAAA	7770	0.1554	Illumina Single End Adapter 1 (95% over 24bp)
TGGCTCAGTTCAGCAGGAACATCTCGTATGCCGTCTT	7685	0.1537	RNA PCR Primer, Index 7 (95% over 21bp)
TAGCTTATCAGACTGATGTTGACCATCTCGTATGCCG	7541	0.15081999999999998	No Hit
TGTAAACATCCTTGACTGGAAGCATCTCGTATGCCGT	7473	0.14946	No Hit
ATGGCACTGGTAGAATTCACTGATCTCGTATGCCGTC	7380	0.1476	No Hit
AAAAATTTCGGTTGGGATCTCGTATGCCGTCTTCTGC	7205	0.1441	RNA PCR Primer, Index 34 (96% over 25bp)
TTCACAGTGGCTAAGTTCCGCATCTCGTATGCCGTCT	6820	0.1364	RNA PCR Primer, Index 18 (95% over 22bp)
ATCTCGTATGCCGTCTTCTGCTTGAAAAAAAAAAACT	6716	0.13432	Illumina Single End Adapter 1 (95% over 24bp)
TGAGGTAGTAGGTTGTGTGGTTAATCTCGTATGCCGT	6677	0.13354	No Hit
ATCAGACTGATGTTGACATCTCGTATGCCGTCTTCTG	6667	0.13334	RNA PCR Primer, Index 41 (95% over 24bp)
TATGGCACTGGTAGAATTCACTGATCTCGTATGCCGT	6425	0.1285	No Hit
ATCTCGTATGCCGTCTTCTGCTTGAAAAAAAAAAACG	6417	0.12834	Illumina Single End Adapter 1 (95% over 24bp)
TAGCTTATCAGACTGATGTTGACTCTCGTATGCCGTC	6274	0.12547999999999998	No Hit
TTTGGCAATGGTAGAACTCACACATCTCGTATGCCGT	6189	0.12378	No Hit
TGGATCTCGTATGCCGTCTTCTGCTTGAAAAAAAAAA	6184	0.12368	Illumina PCR Primer Index 2 (96% over 27bp)
TAGCTTATCAGACTGATGTTGACATCTCGTATGGCGT	6002	0.12004	No Hit
TAGCTTATCAGACTGATGTTGACATCTCGTATGTCGT	5935	0.11869999999999999	No Hit
ATCTCGTATGCCGTCTTCTGCTTGAAAAAACAAAAAA	5626	0.11252000000000001	Illumina Single End Adapter 1 (95% over 24bp)
ATCTCGTATGCCGTCTTCTGCTTGAAAAAAAAACAGT	5548	0.11096	Illumina Single End Adapter 1 (95% over 24bp)
AGAGGTAGTAGGTTGCATAGTTATCTCGTATGCCGTC	5517	0.11034000000000001	No Hit
TTTGGCAATGGTAGAACTCACACTGGATCTCGTATGC	5509	0.11018	No Hit
TGAGGTAGTAGATTGTATAGTTATCTCGTAAGCCGTC	5398	0.10796	No Hit
TGAGGTAGTAGATTGTATAGTTAATCTCGTATGCCGT	5188	0.10376	No Hit
TGAGGTAGTAGATTGTATAGTTATCTCGTACGCCGTC	5171	0.10342000000000001	No Hit
TTCACAGTGGCTAAGTTCTGATCTCGTATGCCGTCTT	5073	0.10146000000000001	Illumina PCR Primer Index 9 (95% over 21bp)
>>END_MODULE
>>Kmer Content	fail
#Sequence	Count	Obs/Exp Overall	Obs/Exp Max	Max Obs/Exp Position
AAAAA	4170790	40.819294	141.495	29
TGCCG	4543305	36.03076	598.48303	32
ATGCC	4491720	35.730614	574.91095	31
GCCGT	4171815	33.08465	598.84265	33
CAGAC	2345960	27.084858	833.7234	9
TCTCG	4729990	25.924482	420.28113	25
CTCGT	4700795	25.764465	419.75037	26
ATCTC	4672355	25.686914	421.16858	24
TCGTA	4684755	23.604467	369.10638	27
CGTAT	4624725	23.302002	369.01242	28
TATGC	4523375	22.791342	364.54187	30
GTATG	4593100	21.210182	337.7289	29
ACTGA	2419245	17.69152	528.0262	12
GACTG	2409675	17.567804	526.3705	11
CCGTC	2012295	17.412537	282.53815	33
TCAGA	2378565	17.394035	529.7102	8
AGACT	2366465	17.30555	527.932	10
ATCAG	2354525	17.218235	528.03827	7
ACATC	1996990	15.934193	484.0876	22
TGACA	2070935	15.144391	459.79306	20
GACAT	1989290	14.547336	446.59467	21
CTGAT	2407770	12.131718	363.8412	13
CATCT	2200405	12.09703	348.00623	23
TATCA	2335320	11.802663	365.01547	6
GCTTA	2337820	11.77927	363.6589	3
TGATG	2536790	11.714479	333.11517	14
AGCTT	2296100	11.569061	363.43973	2
TAGCT	2231720	11.244677	363.3909	1
TTGAC	2170305	10.935234	334.122	19
GATGT	2358325	10.890356	332.63562	15
GTTGA	2357520	10.88664	332.13928	18
TTATC	2990760	10.414469	251.54424	5
CTTAT	2347895	8.175876	251.46826	4
ATGTT	2409010	7.6882114	229.82878	16
TGTTG	2357455	7.5007353	228.81577	17
CGTCT	1139010	6.24277	68.28876	12
GGTAG	887005	5.926745	153.6225	4
AGGTA	775710	5.1989527	153.59193	3
TGAGG	741085	4.951744	155.13684	1
GAAAA	506705	4.9439726	119.469124	24
GAGGT	734510	4.9078116	153.39568	2
AGTAG	706210	4.7331505	151.09496	7
TCTGC	687935	3.770485	72.997574	17
TGAAA	552300	3.7129395	82.332344	23
TAGTA	750530	3.4764247	103.31183	6
GTAGG	511880	3.4202538	102.438934	8
GTAGT	733070	3.3851964	103.08264	5
TATCT	954835	3.3249404	68.861534	22
AATCT	639325	3.2311363	38.03079	23
CTGCT	564050	3.091487	68.878815	18
GAATC	395330	2.8909802	42.758743	22
TTGAA	612095	2.8351994	56.72103	22
GTCTT	805795	2.7973952	43.24459	13
TCTTC	732280	2.7738008	47.18516	14
GATCT	549005	2.7661998	21.498213	22
GTAGA	408255	2.736201	44.782642	8
GGTTG	576790	2.6553996	74.0414	11
CTTGA	525535	2.647945	62.157307	21
CTTCT	694995	2.632569	47.501705	15
ATAGT	567260	2.627525	80.29146	17
GTATA	562995	2.6077704	79.72732	15
TATAG	562445	2.6052222	79.53166	16
GCTTG	513810	2.5809734	63.025375	20
AGGTT	527975	2.4381015	73.32664	10
TTCTG	682870	2.3706493	47.571606	16
AGTTA	507900	2.3525722	73.61768	19
TAGGT	494685	2.2843738	70.67962	9
TTGTA	674295	2.151972	58.777515	13
CTGCC	234560	2.029665	43.215145	6
GTTAT	611045	1.9501135	59.086422	20
GCCGG	168890	1.9380152	54.56882	8
TGTAT	602345	1.922348	57.18713	14
TGCTT	548010	1.9024698	43.536007	19
CCGGG	162630	1.8661819	54.57815	9
CAGCA	150420	1.7366468	32.46177	11
TAGTT	536700	1.7128459	50.89723	18
AGCAG	158485	1.6769699	29.795994	12
AAAAC	157180	1.6733507	14.453203	31
GTTGT	511875	1.6286372	49.853214	12
GCAGG	146820	1.5488021	29.67753	13
GCATC	194200	1.544817	21.248756	22
GGTAA	221590	1.4851375	43.545963	12
TAGAT	312790	1.4488305	30.20211	9
AGATC	192230	1.4057449	16.39947	21
GATGG	207100	1.3837903	39.591507	18
ACTGC	164730	1.3103899	39.782967	5
AAACA	122460	1.3037187	17.034107	4
TGGAA	193750	1.2985486	27.31139	20
GGATC	175335	1.2782849	8.3816395	2
AATAC	168380	1.2351	37.38225	2
AGAAC	112875	1.198012	25.192041	13
AATGA	177815	1.1953943	33.420586	15
GGAAT	177130	1.1871582	27.255358	21
GGGTA	175300	1.1713108	31.53451	11
CGGGT	159520	1.1594388	34.22723	10
TCACA	142080	1.1336712	16.322006	18
CAGGA	105090	1.1119839	29.799395	14
ACAGT	151240	1.1059921	10.46302	4
GAACA	101905	1.0815804	29.25832	17
TGGCA	148095	1.0796909	20.008629	3
AAAAG	109580	1.0691832	21.830223	32
ATGGA	153155	1.0264733	30.666534	19
GATTG	221825	1.0243514	30.27459	11
AGGAA	104960	1.0209826	27.338917	15
CACTG	127745	1.0161827	11.827708	4
ATGAT	217245	1.0062699	23.590048	16
CCGAC	80085	1.0057721	21.897774	12
GGAAC	95015	1.0053777	29.18295	16
AGATT	214810	0.99499124	30.270744	10
GACAA	93250	0.9897197	19.01636	21
GTATC	195595	0.98551923	11.521477	20
AACAG	90510	0.9606383	23.143166	18
TGAAT	206575	0.9568471	17.964678	20
CTCAG	118840	0.9453454	22.301188	4
TAGAA	137405	0.9237306	17.109959	12
TGGTA	198235	0.91541666	11.930727	9
TACTG	181645	0.915231	25.734774	4
AGCAT	122855	0.8984175	10.659149	4
GCTCA	111230	0.88480955	22.459965	3
ACACT	110685	0.88316727	12.816979	20
GGCTC	109480	0.86823314	22.355164	2
GTAAA	129145	0.86820126	11.061063	13
ATCCC	99200	0.8610103	13.012198	8
ATTGT	268010	0.85533786	20.865108	12
ACCAC	67665	0.852391	12.88794	14
GGCTA	115660	0.84322256	10.636631	16
ATACT	166835	0.8431809	25.793728	3
GACCA	72970	0.8424619	11.40396	13
CAATC	105485	0.8416759	14.567528	23
AGTGC	115005	0.8384473	15.288398	4
TGATC	166245	0.8376372	11.50994	20
GTAAT	180620	0.83662456	22.861845	13
CACAC	65705	0.82770044	23.158545	19
CAAAA	77525	0.82533723	5.7536745	31
CACTA	102785	0.82013226	7.725159	16
AAAGT	117385	0.78914243	14.099858	2
TACAG	107510	0.7862021	10.881621	11
GCAGC	68280	0.7859104	16.82232	2
AAAGA	79780	0.7784216	12.999616	15
TAATG	167860	0.77752066	22.890581	14
CAGGG	73530	0.775667	15.462404	13
GGCAA	73060	0.77306634	21.79285	4
TCAGC	97165	0.7729256	22.404406	10
GTGGT	166845	0.76811343	18.768568	17
CACAG	66505	0.7678215	17.028599	3
ACTGG	105130	0.76645327	11.045097	15
ACAGA	72205	0.76635617	15.316531	19
AGTTC	151010	0.76087445	14.267785	7
TAATA	163200	0.75824785	23.6848	1
AACAC	64870	0.7512354	18.968853	2
AACAT	101050	0.7412213	11.677912	5
ACAAA	69155	0.7362296	6.3039303	30
CTATC	133190	0.73223037	15.222966	23
TGGCT	143470	0.7206794	14.243319	1
GGACC	62380	0.71800077	11.403068	12
TGTGG	155000	0.713582	19.377672	16
GTCTG	141735	0.7119641	10.538396	29
GAAGC	67270	0.7118008	14.214228	19
AGGGC	66585	0.7024043	15.320912	14
GTGCA	95320	0.69493324	16.106243	14
CAGTG	95110	0.6934022	10.416911	5
GTGTG	149065	0.68625873	19.418964	15
CTCAC	77780	0.67509466	17.57738	17
CTGGA	91640	0.66810405	10.995517	16
AGGAC	63085	0.66751826	10.649008	11
GAACT	90105	0.6589223	17.265306	14
ATGGC	89300	0.65104425	9.68278	19
AAGCA	61220	0.6497655	11.122883	20
TGCAG	86795	0.63278145	16.094318	15
AACAA	58395	0.6216777	6.51215	29
GAAAT	92455	0.6215459	6.7107635	2
ACAAT	84475	0.6196406	13.123513	22
TCAGT	121035	0.6098433	14.162837	5
GGGCT	83900	0.60981023	12.373583	15
GGTTA	131645	0.60791487	16.543715	19
AAGCC	51320	0.59250575	12.820148	30
ACAGG	55960	0.5921269	15.615253	12
TGACT	116800	0.58850497	13.888068	20
CGATC	73325	0.5832838	5.1632233	21
TAGGA	86725	0.5812471	6.636707	10
GGAAG	59935	0.58123094	14.04392	18
GCAAT	79375	0.58045566	15.447728	5
CAGAT	79370	0.5804191	9.749472	20
AACTC	72045	0.57485455	16.308224	15
TAAAG	84765	0.5698484	8.829262	14
CAGTT	110810	0.558324	14.077381	6
ACTCA	69260	0.55263275	16.409437	16
CAAAG	51735	0.54909545	13.900801	1
TCCCG	62720	0.5427208	5.5609794	33
CCCCG	39285	0.5366829	14.160065	10
CAATG	71780	0.5249148	15.06529	6
TTCAG	102955	0.518746	14.178777	9
ACGCC	41195	0.5173601	14.017687	30
CCACT	59325	0.51491374	8.448345	15
GTTCA	101865	0.5132539	14.140886	8
GTACA	69555	0.50864375	10.729922	10
TTGTG	157330	0.5005782	14.430125	13
CTGTC	90875	0.4980744	8.672131	6
CCCGT	57395	0.49664322	6.166976	3
AGCCG	43110	0.49620098	12.73031	31
AATGG	73665	0.4937165	13.825984	7
CTGGT	98200	0.4932788	9.05612	10
AAATG	73270	0.49257118	6.792119	3
CATCC	56615	0.49139214	13.829808	7
CCCGA	39090	0.49092385	13.006863	11
AAGTG	73065	0.48969525	14.271692	3
ACTAT	96655	0.48849252	12.423806	22
CGCCG	39010	0.4884252	13.9444	31
TGGTT	150930	0.48021537	12.871272	18
ACTAG	65325	0.47771046	6.5885468	17
AGTGG	71075	0.47490534	9.545048	6
GACTA	63865	0.4670337	11.300122	21
GCTGT	92380	0.46404377	5.315107	7
CTAGA	62865	0.45972088	5.9630594	18
GGCAC	39615	0.4559731	8.045025	4
GGCAT	62310	0.45427287	9.755073	21
AAGAT	66870	0.44954598	8.963792	16
AGTAT	96655	0.44770202	6.8760433	19
AACCG	38770	0.447612	7.9319606	10
TGTGT	139945	0.44526422	13.470102	14
AAACG	41545	0.44094265	11.197474	32
ATGGT	94815	0.43784004	9.67645	8
TGCTG	87060	0.4373203	7.455907	6
TAACA	58915	0.43215296	10.87137	1
TTCAC	77805	0.42774373	7.9067774	1
GACCT	52470	0.41738698	5.4546223	14
CTAAG	56920	0.41624615	10.366182	11
CGACC	33055	0.41513136	8.780058	13
CAGGT	56765	0.41384688	11.775291	17
GCTAT	81745	0.41187793	7.38983	17
GTGCT	81965	0.4117271	10.7671795	5
TCGTC	75055	0.411367	11.511401	27
CACCC	29865	0.40924165	9.400849	1
GCTAA	55870	0.40856767	10.472796	10
TAAAC	55345	0.4059663	11.67903	3
GGAGG	41975	0.40581924	5.486535	8
GTGGC	54960	0.39946568	10.670647	7
GCACT	50115	0.39865348	7.0157785	5
TGTAA	85425	0.39568514	7.621657	1
ATGAA	58590	0.39388216	8.797775	20
CATTG	78035	0.39318478	7.4490466	6
CGGAT	53520	0.3901891	6.1448894	1
ACCCG	30980	0.3890719	8.897162	2
TTGGC	77265	0.388118	11.424285	2
TAAGC	52790	0.3860441	8.074111	29
GAGGG	38975	0.37681487	5.57176	2
TCCCC	39290	0.370955	9.769299	9
CAACG	32110	0.3707202	5.7116036	7
CGACT	45770	0.36408997	8.44668	13
TGTAC	71005	0.35776368	7.3493643	9
ACTGT	70850	0.3569827	8.03231	5
GAACC	30735	0.35484535	8.001901	9
TAATC	69935	0.35345015	5.2497354	22
TATGA	75905	0.3515889	6.6162133	19
GTTCG	69700	0.35011744	5.140071	10
GTCGG	48050	0.3492417	6.1951113	14
CGTAC	43730	0.34786227	8.84504	27
AGATG	50055	0.33547795	9.061415	17
GCAGA	31335	0.33156353	6.0376725	16
CGTGC	41290	0.32745108	8.155056	13
TCTGG	64485	0.32392144	7.932399	9
GTACG	44215	0.32235074	8.10648	28
TACGC	40345	0.32093537	8.850758	29
CCGTA	39945	0.31775346	5.6484723	4
TTGCC	57885	0.31726038	7.0792694	31
CGTAA	43340	0.31693792	8.077257	27
GTAAG	46570	0.31212083	7.395109	28
GTGAA	46235	0.30987558	5.2331963	1
AGGAG	31585	0.30630147	5.462081	7
ACCGA	26350	0.30421913	7.924274	11
CAGTA	41240	0.301581	5.585136	20
CTATG	57685	0.2906499	7.230793	18
CCCTC	30525	0.28820062	5.620243	32
GACAG	26845	0.28405374	5.3263254	10
TTGAT	88050	0.2810063	6.5842376	19
TGACC	35165	0.27972966	5.92451	20
GCATT	54925	0.27674344	7.338505	5
TTTGG	85710	0.2727043	7.2785425	1
TGCCC	31025	0.2684616	5.2047462	30
CCAAA	22985	0.2661808	5.401276	11
CTGCA	32940	0.26203027	6.2068157	18
TCGTG	51605	0.25922254	5.136677	12
AACGC	21800	0.25168794	5.8645415	8
CGGTG	34430	0.25024748	5.9564657	16
TAAGT	52920	0.24512328	6.5674486	12
CGTAG	33220	0.24219136	5.1852064	5
AAGTT	51575	0.23889332	6.565177	13
CCCAA	18390	0.23166291	5.832257	10
TGTCT	64820	0.2250289	5.547471	7
AACGT	26535	0.19404587	5.9494176	33
GTTAA	41155	0.19062829	5.0852575	20
>>END_MODULE
