##FastQC	0.10.1
>>Basic Statistics	pass
#Measure	Value	
Filename	SRR873387.fastq	
File type	Conventional base calls	
Encoding	Sanger / Illumina 1.9	
Total Sequences	5000000	
Filtered Sequences	0	
Sequence length	37	
%GC	44	
>>END_MODULE
>>Per base sequence quality	pass
#Base	Mean	Median	Lower Quartile	Upper Quartile	10th Percentile	90th Percentile
1	37.8690358	39.0	38.0	40.0	34.0	40.0
2	37.2628452	39.0	37.0	40.0	33.0	40.0
3	37.4660842	39.0	38.0	40.0	33.0	40.0
4	37.6603532	39.0	38.0	40.0	33.0	40.0
5	37.5902288	39.0	38.0	40.0	33.0	40.0
6	37.2719834	39.0	37.0	40.0	32.0	40.0
7	37.3531864	39.0	37.0	40.0	33.0	40.0
8	37.6915104	39.0	38.0	40.0	33.0	40.0
9	37.5818674	39.0	38.0	40.0	33.0	40.0
10	37.2896114	39.0	36.0	40.0	33.0	40.0
11	37.6556756	39.0	38.0	40.0	33.0	40.0
12	37.3640046	39.0	37.0	40.0	33.0	40.0
13	37.7362142	39.0	38.0	40.0	34.0	40.0
14	37.5819606	39.0	38.0	40.0	33.0	40.0
15	37.3006802	39.0	37.0	40.0	33.0	40.0
16	37.5139142	39.0	37.0	40.0	33.0	40.0
17	37.8277642	39.0	38.0	40.0	34.0	40.0
18	37.4685446	39.0	37.0	40.0	33.0	40.0
19	37.6565656	39.0	38.0	40.0	33.0	40.0
20	37.593924	39.0	38.0	40.0	33.0	40.0
21	37.16669	39.0	36.0	40.0	33.0	40.0
22	37.0417738	39.0	36.0	40.0	33.0	40.0
23	36.214862	38.0	35.0	40.0	29.0	40.0
24	36.3665662	38.0	35.0	40.0	29.0	40.0
25	36.6355136	39.0	36.0	40.0	30.0	40.0
26	35.6848972	38.0	35.0	40.0	26.0	40.0
27	35.0263346	38.0	34.0	40.0	23.0	40.0
28	35.0283734	38.0	35.0	40.0	23.0	40.0
29	34.7467954	38.0	34.0	40.0	23.0	40.0
30	34.8131998	38.0	33.0	40.0	24.0	40.0
31	34.5679892	38.0	33.0	40.0	23.0	40.0
32	34.6178678	38.0	33.0	40.0	23.0	40.0
33	34.4465068	38.0	33.0	39.0	23.0	40.0
34	34.716213	38.0	33.0	40.0	24.0	40.0
35	33.7105992	38.0	32.0	40.0	18.0	40.0
36	31.6970284	36.0	29.0	39.0	13.0	40.0
37	32.2292668	36.0	30.0	39.0	15.0	40.0
>>END_MODULE
>>Per sequence quality scores	pass
#Quality	Count
3	1.0
4	14.0
5	34.0
6	50.0
7	75.0
8	89.0
9	122.0
10	124.0
11	143.0
12	181.0
13	235.0
14	383.0
15	556.0
16	974.0
17	1722.0
18	2716.0
19	4201.0
20	6036.0
21	8432.0
22	11922.0
23	16698.0
24	23455.0
25	37910.0
26	56852.0
27	77543.0
28	99021.0
29	120946.0
30	131451.0
31	140529.0
32	160553.0
33	192949.0
34	239381.0
35	304006.0
36	386540.0
37	559804.0
38	775865.0
39	1600124.0
40	38363.0
>>END_MODULE
>>Per base sequence content	fail
#Base	G	A	T	C
1	5.265057620612927	14.377651961773935	73.59984121492987	6.757449202683259
2	19.55987858140164	59.408291337434626	16.16994603684519	4.861884044318549
3	56.21808	19.64782	8.803379999999999	15.330720000000001
4	18.095599430956245	12.368841634354787	14.410735110851732	55.12482382383723
5	18.48892	12.669659999999999	57.34296	11.498460000000001
6	11.730780000000001	10.57338	65.45666	12.23918
7	7.97746	65.43346	18.12834	8.46074
8	18.260080000000002	16.06656	57.48792	8.18544
9	8.523843815010402	6.169147063530165	29.97763642182749	55.32937269963194
10	20.0282	61.44268	9.50056	9.028559999999999
11	68.35378	8.3337	8.816880000000001	14.495640000000002
12	14.69248	58.877959999999995	10.72062	15.708939999999998
13	19.037399999999998	8.42686	16.75944	55.7763
14	15.34018	8.42648	70.35886	5.87448
15	64.06967999999999	16.65894	6.6840399999999995	12.58734
16	9.5397	59.060979999999994	21.98372	9.4156
17	12.42638	12.30534	66.12772	9.14056
18	58.374	7.457700000000001	18.98318	15.18512
19	9.500859001718004	15.364690729381458	66.80827361654723	8.326176652353306
20	25.13212338235859	9.81303121359907	58.765244390256385	6.289601013785953
21	58.187244035810636	10.09046659707954	16.762310631250166	14.959978735859655
22	12.04036	60.5001	21.07182	6.38772
23	4.731644731644732	24.976324976324975	21.246201246201245	49.045829045829045
24	9.1332	49.4704	28.678520000000002	12.717880000000001
25	4.09298	11.78368	60.35138	23.77196
26	4.546279999999999	8.396040000000001	27.78238	59.275299999999994
27	12.731793993606951	8.629254815086826	52.085820929852076	26.553130261454143
28	22.696547491692584	9.9913625281748	17.3496563814474	49.962433598685216
29	48.85357128212514	17.854640411489793	25.139921930553598	8.151866375831474
30	7.8863504618815226	27.33162057186017	59.65322580967785	5.128803156580457
31	11.936996899411186	54.14917030595636	27.61290265799331	6.300930136639135
32	21.878511990327564	12.300572960780134	50.980526695027315	14.840388353864995
33	49.71504574470979	8.799415408693816	9.146101417709932	32.339437428886455
34	15.111819047594283	8.48040873797031	7.181199045525948	69.22657316890947
35	22.040672034680085	6.617813436492234	14.086323689728639	57.25519083909904
36	50.081462365987164	5.917498276238333	25.974202883997794	18.02683647377672
37	6.678715092403491	5.283351369299917	63.87846625607339	24.159467282223204
>>END_MODULE
>>Per base GC content	fail
#Base	%GC
1	12.022506823296187
2	24.421762625720188
3	71.5488
4	73.22042325479347
5	29.98738
6	23.96996
7	16.4382
8	26.445520000000002
9	63.85321651464234
10	29.056759999999997
11	82.84942
12	30.40142
13	74.81370000000001
14	21.21466
15	76.65702
16	18.9553
17	21.566940000000002
18	73.55912000000001
19	17.827035654071306
20	31.42172439614454
21	73.1472227716703
22	18.428079999999998
23	53.77747377747377
24	21.85108
25	27.86494
26	63.82158
27	39.2849242550611
28	72.65898109037781
29	57.00543765795661
30	13.01515361846198
31	18.237927036050323
32	36.718900344192555
33	82.05448317359625
34	84.33839221650375
35	79.29586287377913
36	68.10829883976388
37	30.838182374626694
>>END_MODULE
>>Per sequence GC content	fail
#GC Content	Count
0	320.0
1	176.0
2	32.0
3	32.0
4	27.5
5	23.0
6	23.0
7	18.5
8	14.0
9	10.5
10	7.0
11	7.0
12	7.0
13	7.0
14	7.0
15	20.5
16	34.0
17	34.0
18	47.0
19	60.0
20	109.0
21	158.0
22	158.0
23	602.5
24	1047.0
25	1047.0
26	1481.5
27	1916.0
28	5248.5
29	8581.0
30	8581.0
31	72634.5
32	136688.0
33	136688.0
34	110885.0
35	85082.0
36	98798.5
37	112515.0
38	112515.0
39	178505.5
40	244496.0
41	244496.0
42	1463579.0
43	2682662.0
44	2682662.0
45	1665878.5
46	649095.0
47	503991.5
48	358888.0
49	358888.0
50	356659.0
51	354430.0
52	354430.0
53	252436.5
54	150443.0
55	119186.0
56	87929.0
57	87929.0
58	81348.0
59	74767.0
60	74767.0
61	47053.0
62	19339.0
63	19339.0
64	15051.5
65	10764.0
66	8123.5
67	5483.0
68	5483.0
69	4829.5
70	4176.0
71	4176.0
72	3351.0
73	2526.0
74	3199.0
75	3872.0
76	3872.0
77	3600.0
78	3328.0
79	3328.0
80	2091.5
81	855.0
82	551.0
83	247.0
84	247.0
85	195.5
86	144.0
87	144.0
88	95.5
89	47.0
90	47.0
91	26.0
92	5.0
93	6.5
94	8.0
95	8.0
96	6.0
97	4.0
98	4.0
99	6.0
100	8.0
>>END_MODULE
>>Per base N content	pass
#Base	N-Count
1	0.040979999999999996
2	0.00214
3	0.0
4	6.6E-4
5	0.0
6	0.0
7	0.0
8	0.0
9	0.016
10	0.0
11	0.0
12	0.0
13	0.0
14	0.0
15	0.0
16	0.0
17	0.0
18	0.0
19	1.9999999999999998E-4
20	0.0025599999999999998
21	6.6E-4
22	0.0
23	9.999999999999999E-5
24	0.0
25	0.0
26	0.0
27	0.00388
28	0.01704
29	0.0121
30	0.013320000000000002
31	0.01254
32	0.02108
33	0.019039999999999998
34	0.016139999999999998
35	0.03254
36	0.01518
37	0.0146
>>END_MODULE
>>Sequence Length Distribution	pass
#Length	Count
37	5000000.0
>>END_MODULE
>>Sequence Duplication Levels	fail
#Total Duplicate Percentage	96.37037054875508
#Duplication Level	Relative count
1	100.0
2	12.797903397027602
3	5.049761146496815
4	2.776671974522293
5	1.7867569002123143
6	1.3302813163481952
7	1.0051751592356688
8	0.7464171974522293
9	0.6070859872611465
10++	6.596337579617835
>>END_MODULE
>>Overrepresented sequences	fail
#Sequence	Count	Percentage	Possible Source
TAGCTTATCAGACTGATGTTGACATCTCGTATGCCGT	1799507	35.99014	No Hit
TAGCTTATCAGACTGATGTTGAATCTCGTATGCCGTC	219141	4.38282	No Hit
TAGCTTATCAGACTGATGTTGATCTCGTATGCCGTCT	139409	2.78818	No Hit
TGAGGTAGTAGGTTGTATAGTTATCTCGTATGCCGTC	124657	2.49314	No Hit
ATCTCGTATGCCGTCTTCTGCTTGAAAAAAAAAAAAA	114282	2.28564	Illumina Single End Adapter 1 (95% over 24bp)
TAATACTGCCGGGTAATGATGGAATCTCGTATGCCGT	89190	1.7838	No Hit
TGAGGTAGTAGATTGTATAGTTATCTCGTATGCCGTC	84915	1.6983000000000001	No Hit
AGCTTATCAGACTGATGTTGACATCTCGTATGCCGTC	68171	1.36342	No Hit
TGAGGTAGTAGGTTGTGTGGTTATCTCGTATGCCGTC	55521	1.11042	No Hit
TAGCTTATCAGACTGATGTTGACTATCTCGTATGCCG	55337	1.10674	No Hit
TGTAAACATCCCCGACTGGAAGCATCTCGTATGCCGT	46083	0.92166	No Hit
TGAAATGTTTAGGACCACTAGATCTCGTATGCCGTCT	38334	0.7666799999999999	No Hit
AGCAGCATTGTACAGGGCTATGAATCTCGTATGCCGT	36526	0.7305200000000001	No Hit
CAAAGTGCTGTTCGTGCAGGTAGATCTCGTATGCCGT	33106	0.6621199999999999	No Hit
TTTGGCAATGGTAGAACTCACACTATCTCGTATGCCG	32768	0.6553599999999999	No Hit
CACCCGTAGAACCGACCTTGCGATCTCGTATGCCGTC	32589	0.65178	No Hit
ATCTCGTATGCCGTCTTCTGCTTGAAAAAAAAAACGT	31832	0.63664	Illumina Single End Adapter 1 (95% over 24bp)
TAGCTTATCAGACTGATGTTGACAATCTCGTATGCCG	29191	0.58382	No Hit
TGGCTCAGTTCAGCAGGAACAGATCTCGTATGCCGTC	27673	0.55346	No Hit
GTGAAATGTTTAGGACCACTAGATCTCGTATGCCGTC	27364	0.54728	No Hit
TTCACAGTGGCTAAGTTCTGCATCTCGTATGCCGTCT	20392	0.40784000000000004	No Hit
TGAGGTAGTAGGTTGTATAGTATCTCGTATGCCGTCT	16547	0.33094	RNA PCR Primer, Index 44 (95% over 22bp)
TAATACTGCCGGGTAATGATGGATCTCGTATGCCGTC	16079	0.32158	No Hit
TGGCTCAGTTCAGCAGGAACAGTATCTCGTATGCCGT	15518	0.31036	No Hit
CGGATCTCGTATGCCGTCTTCTGCTTGAAAAAAAAAA	15270	0.3054	Illumina Paired End PCR Primer 2 (96% over 27bp)
TGAGGTAGTAGGTTGTGTGGTATCTCGTATGCCGTCT	14818	0.29635999999999996	No Hit
AACATTCAACGCTGTCGGTGAGTATCTCGTATGCCGT	14232	0.28464	No Hit
TAACACTGTCTGGTAAAGATGGCATCTCGTATGCCGT	14071	0.28142	No Hit
ATGGCACTGGTAGAATTCACTGATCTCGTATGCCGTC	13963	0.27926	No Hit
TTCACAGTGGCTAAGTTCTGATCTCGTATGCCGTCTT	13894	0.27788	Illumina PCR Primer Index 9 (95% over 21bp)
CTAGACTGAAGCTCCTTGAGGATCTCGTATGCCGTCT	13690	0.2738	RNA PCR Primer, Index 26 (95% over 21bp)
TAGCTTATCAGACTGATGTTGATCTCGTATGCCGCCT	13610	0.2722	No Hit
TTTGGCAATGGTAGAACTCACACTGATCTCGTATGCC	13550	0.271	No Hit
CACCCGTAGAACCGACCTTGCATCTCGTATGCCGTCT	13045	0.2609	TruSeq Adapter, Index 8 (95% over 21bp)
GCTTATCAGACTGATGTTGACATCTCGTATGCCGTCT	12599	0.25198	No Hit
TGTAAACATCCTTGACTGGAAGCATCTCGTATGCCGT	12511	0.25022	No Hit
ATCTCGTATGCCGTCTTCTGCTTGAAAAAAAAAAAAC	12501	0.25002	Illumina Single End Adapter 1 (95% over 24bp)
TGAGGTAGTAGATTGTATAGTATCTCGTATGCCGTCT	12253	0.24505999999999997	RNA PCR Primer, Index 44 (95% over 22bp)
TTTGGCAATGGTAGAACTCACACATCTCGTATGCCGT	11946	0.23892000000000002	No Hit
ACTGGACTTGGAGTCAGAAGGCATCTCGTATGCCGTC	11781	0.23562000000000002	No Hit
TTTGGCAATGGTAGAACTCACACTGGATCTCGTATGC	11614	0.23228	No Hit
TTTGGCAATGGTAGAACTCACAATCTCGTATGCCGTC	11268	0.22536	RNA PCR Primer, Index 40 (95% over 21bp)
TTCACAGTGGCTAAGTTCCGCATCTCGTATGCCGTCT	10902	0.21803999999999998	RNA PCR Primer, Index 18 (95% over 22bp)
ATCTCGTATGCCGTCTTCTGCTTGAAAAAAAAAAAGT	10774	0.21548	Illumina Single End Adapter 1 (95% over 24bp)
AAAAATTTCGGTTGGGATCTCGTATGCCGTCTTCTGC	10488	0.20975999999999997	RNA PCR Primer, Index 34 (96% over 25bp)
ATCTCGTATGCCGTCTTCTGCTTGAAAAAAAAAAAAT	10163	0.20326	Illumina Single End Adapter 1 (95% over 24bp)
GTTCTACAGTCCGACGATCGTTCTACAGTCCGACGAT	9958	0.19916	No Hit
ATCTCGTATGCCGTCTTCTGCTTGAAAAAAAAAAAGA	9920	0.19840000000000002	Illumina Single End Adapter 1 (95% over 24bp)
TATGGCACTGGTAGAATTCACTGATCTCGTATGCCGT	9709	0.19418	No Hit
AAAATTTCGGTTGGGATCTCGTATGCCGTCTTCTGCT	9626	0.19252	Illumina PCR Primer Index 5 (96% over 25bp)
TTATCAGACTGATGTTGACATCTCGTATGCCGTCTTC	9150	0.183	RNA PCR Primer, Index 41 (95% over 22bp)
CAACGGAATCCCAAAAGCAGCTGATCTCGTATGCCGT	9008	0.18016	No Hit
TGGCTCAGTTCAGCAGGAACATCTCGTATGCCGTCTT	8664	0.17328000000000002	RNA PCR Primer, Index 7 (95% over 21bp)
TGAGGTAGTAGGTTGTATGGTTATCTCGTATGCCGTC	8544	0.17087999999999998	No Hit
TGAGGTAGTAGTTTGTACAGTTATCTCGTATGCCGTC	8405	0.1681	RNA PCR Primer, Index 5 (95% over 21bp)
TAGCTTATCAGACTGATGTTGACCATCTCGTATGCCG	8160	0.1632	No Hit
TACAGTACTGTGATAACTGAAGATCTCGTATGCCGTC	7952	0.15904000000000001	No Hit
CTAGACTGAAGCTCCTTGAGGAATCTCGTATGCCGTC	7908	0.15816	No Hit
AGCTTATCAGACTGATGTTGAATCTCGTATGCCGTCT	7687	0.15374	Illumina PCR Primer Index 8 (95% over 21bp)
AACATTCATTGCTGTCGGTGGATCTCGTATGCCGTCT	7551	0.15102	No Hit
ATCAGACTGATGTTGACATCTCGTATGCCGTCTTCTG	7455	0.14909999999999998	RNA PCR Primer, Index 41 (95% over 24bp)
ATCTCGTATGCCGTCTTCTGCTTGAAAAAAAAAAGTC	7388	0.14776	Illumina Single End Adapter 1 (95% over 24bp)
TGAAATGTTTAGGACCACTAGTATCTCGTATGCCGTC	7333	0.14665999999999998	No Hit
TGTAAACATCCCCGACTGGAAGATCTCGTATGCCGTC	7304	0.14608	RNA PCR Primer, Index 47 (95% over 23bp)
TAAAGTGCTGACAGTGCAGATAATCTCGTATGCCGTC	6680	0.1336	Illumina PCR Primer Index 7 (95% over 21bp)
TAAAGTGCTTATAGTGCAGGTAGATCTCGTATGCCGT	6536	0.13072	No Hit
TAGCTTATCAGACTGATGTTGACTCTCGTATGCCGTC	6457	0.12914	No Hit
TTTGTTCGTTCGGCTCGCGTGAATCTCGTATGCCGTC	6211	0.12422	No Hit
GTTCTACAGTCCGACGATCGTATGCCGTCTTCTGCTT	6010	0.1202	Illumina Single End Adapter 1 (95% over 22bp)
TGAGGTAGTAGGTTGTGTGGATCTCGTATGCCGTCTT	6003	0.12006	RNA PCR Primer, Index 23 (100% over 21bp)
TGGATCTCGTATGCCGTCTTCTGCTTGAAAAAAAAAA	5620	0.1124	Illumina PCR Primer Index 2 (96% over 27bp)
ACTGGACTTGGAGTCAGAAGGATCTCGTATGCCGTCT	5544	0.11088	No Hit
TGAGGTAGTAGGTTGTGTGGTTTATCTCGTATGCCGT	5450	0.109	No Hit
ATCTCGTATGCCGTCTTCTGCTTGAAAAAAAAAAACT	5424	0.10848	Illumina Single End Adapter 1 (95% over 24bp)
ATCTCGTATGCCGTCTTCTGCTTGAAAAAAAAAACGA	5012	0.10024000000000001	Illumina Single End Adapter 1 (95% over 24bp)
>>END_MODULE
>>Kmer Content	fail
#Sequence	Count	Obs/Exp Overall	Obs/Exp Max	Max Obs/Exp Position
ATGCC	4807090	35.933735	566.42633	31
TGCCG	4879800	35.197342	546.36945	32
AAAAA	2777685	32.801426	137.98808	30
GCCGT	4515315	32.56836	546.5485	33
CAGAC	2582745	29.095861	900.5976	9
ATCTC	4817115	24.762234	389.70493	24
TCGTA	4897245	24.429594	377.8667	27
CGTAT	4886875	24.377865	377.52008	28
TCTCG	4871270	24.161993	376.42984	25
TATGC	4827505	24.0817	377.37054	30
CTCGT	4850420	24.05857	375.6917	26
GTATG	4872525	23.5874	365.72235	29
ACTGA	2690870	20.229574	601.05286	12
TCAGA	2638395	19.835075	602.94354	8
AGACT	2624295	19.72907	600.9362	10
GACTG	2708140	19.645037	580.0002	11
ATCAG	2592245	19.488125	600.981	7
CCGTC	2220320	16.502958	234.22195	33
ACATC	2110685	16.351433	478.1485	22
TGACA	2050460	15.415063	470.5465	20
GACAT	1994850	14.996995	463.00003	21
TATCA	2574050	13.307414	413.3516	6
CTGAT	2657625	13.257394	398.80753	13
TGATG	2736490	13.247071	386.64984	14
GCTTA	2566795	12.804293	398.5959	3
AGCTT	2533465	12.638029	398.5122	2
GATGT	2588225	12.529336	385.80722	15
GTTGA	2584235	12.51002	385.23337	18
TAGCT	2455215	12.247683	398.39053	1
CATCT	2370960	12.187848	331.95203	23
TTGAC	2166330	10.806599	331.31198	19
TTATC	2942120	10.092703	274.30115	5
ATGTT	2672085	8.8952675	265.2172	16
CTTAT	2574905	8.833003	274.2558	4
TGTTG	2586260	8.3074665	255.5895	17
CGTCT	1270410	6.301362	74.04504	33
GAAAA	398525	4.5410156	104.03015	24
GGTAG	637530	4.487908	94.43986	4
GATCT	810040	4.0408325	42.773838	21
GAATC	519910	3.9086084	64.67097	21
TGAAA	501265	3.7899656	69.041695	23
AATCT	665850	3.4423347	51.09524	22
AGGTA	471560	3.44027	96.24435	3
TTGAA	659620	3.3092692	45.79485	22
TGAGG	457895	3.2233632	94.837616	1
GAGGT	424315	2.9869757	93.04874	2
AGTAG	406415	2.9650044	95.063126	7
GTAGA	398785	2.9093397	27.724157	11
TCTGC	576095	2.8574896	50.324192	17
GTCTT	817975	2.7075398	30.657776	13
CTGCT	504585	2.5027926	46.49924	18
TATCT	726805	2.4932456	40.784855	22
TCTTC	704345	2.4024742	31.594955	14
CTTGA	458865	2.2890186	45.962967	21
TAGTA	450835	2.261809	64.57029	6
CTTCT	658220	2.2451448	31.882015	15
TTCTG	651565	2.156714	35.677246	16
AGAAC	187735	2.1270065	41.068306	13
GTAGT	435490	2.108163	62.332607	5
CCGAC	187715	2.1026876	42.44742	12
GTAGG	294830	2.075463	62.193626	8
GCTTG	418570	2.0147457	45.020657	20
GCATC	261840	1.9572943	22.161627	22
AGATC	228715	1.7194464	20.023554	21
TGAAT	340750	1.70952	40.152737	20
TAGAA	223850	1.6924856	28.662464	12
GGATC	231345	1.6781926	9.043139	20
GGTTG	353415	1.650816	43.668636	11
GCCGG	146615	1.537813	40.657906	8
TGCTT	458980	1.5192477	30.936666	19
TGATC	304110	1.5170332	28.740654	20
ACAGT	199455	1.4994739	14.148209	4
TGGAA	204300	1.4904726	22.575708	20
CCGGG	141895	1.4883059	40.680405	9
TATAG	296305	1.4865423	45.44831	16
ATAGT	295475	1.4823785	45.392303	17
AGCAG	134140	1.466458	23.44163	12
GTATA	291115	1.4605045	45.55326	15
CAGCA	128160	1.443784	24.081726	11
AGGTT	295520	1.4305824	44.128105	10
TCACA	180170	1.3957733	24.115969	18
TAGGT	287110	1.3898705	42.59881	9
AAACA	114175	1.3406236	32.04691	4
AAAAC	114140	1.3402127	25.120214	31
GAAGC	121780	1.3313348	25.78711	19
ACTGG	180690	1.3107378	19.974337	15
TTGTA	393645	1.3104289	32.990227	13
GCAGG	122360	1.2907393	22.627813	13
AGTTA	256085	1.2847613	40.081635	19
ACCAC	109170	1.2673348	21.534872	14
TGGCA	172575	1.2518711	28.88571	3
TAGAT	248090	1.244651	17.93233	9
AGCAT	162215	1.219509	16.9203	21
GACCA	107505	1.2110956	19.857155	13
TACAG	160390	1.2057889	11.565815	11
CTGGA	163460	1.1857502	20.022648	16
GGTAA	162000	1.1818724	35.257607	12
CACTA	151955	1.1771922	13.474084	16
GGAAT	161065	1.1750511	22.788252	21
GGCAA	105060	1.1485468	34.263546	4
TGTAT	343650	1.1439976	31.73033	14
GTTAT	342820	1.1412345	33.595306	20
AACAT	145565	1.1341311	21.1867	5
AGGAC	100675	1.1006086	19.401524	11
GGACC	100920	1.0970203	19.199858	12
GATGG	155255	1.0929214	30.370003	18
AATGA	141955	1.0732937	30.518635	15
CGATC	143140	1.0699936	9.831583	21
TGGTA	219030	1.0603021	18.379074	9
AAGCA	93160	1.0554874	23.485353	20
CTGCC	141890	1.0546249	30.019556	6
GGGTA	147640	1.0393155	27.156698	11
AATAC	133340	1.0388832	32.088215	2
GAACT	138045	1.0378025	27.103077	14
CACTG	138330	1.0340381	7.1270337	21
GGAAG	96490	1.0236588	28.00699	18
ACTGC	134880	1.0082488	30.30946	5
AGGAA	90355	0.9934302	23.483078	15
CAGGA	89920	0.98303187	23.432611	14
GTTGT	300655	0.96575034	29.009127	12
ATGAT	192000	0.9632512	21.30131	16
CACAC	82795	0.9611522	29.131557	19
GACGA	86795	0.94886845	8.302056	13
ATGGA	129100	0.94185024	27.018446	19
CGGGT	134475	0.9412631	26.841928	10
GTATC	187760	0.93662876	10.609541	20
TAGTT	280460	0.9336405	26.318058	18
GAAAT	123470	0.9335323	13.303664	2
CCCCG	83145	0.92605776	22.805632	10
CACAG	79920	0.90033716	21.940762	3
GTAAA	118965	0.89947087	20.635962	2
GGCTA	123460	0.8955874	13.3653145	9
GAACA	79020	0.8952836	23.625593	17
TAGGA	122090	0.8907087	12.824559	10
CTAGA	114585	0.86143357	10.459781	18
GCAAT	113255	0.85143477	23.96878	5
CTCAC	107535	0.8283395	23.736248	17
CTATC	160870	0.8269474	16.98171	23
AAATG	109140	0.8251859	13.340886	3
CCCGA	73665	0.82515776	22.972872	11
CGACG	75855	0.82455873	8.242346	12
GGAAC	74715	0.81680626	22.8055	16
AACTC	105170	0.8147498	24.161303	15
ACTAG	106015	0.7970055	12.492695	17
AATGG	108975	0.79502803	23.046808	7
AAAAG	69570	0.7927193	9.712919	32
AACCG	69465	0.78255665	18.701113	10
ACTCA	100645	0.77969474	24.22702	16
ATCCC	101130	0.779002	18.735094	8
TACTG	155215	0.7742801	20.59478	4
CAGTG	106505	0.7725947	13.364119	5
AGAAT	101400	0.76666534	5.930079	12
CAATG	101580	0.76366377	23.575544	6
AGTTC	152455	0.760512	11.198576	7
ACACT	97190	0.7529289	16.38446	20
CAGGG	71100	0.75001276	15.953634	13
AGTGC	103050	0.74753183	14.411737	4
GTAAT	148685	0.7459427	20.079117	13
CCACT	96745	0.7452243	13.415046	15
AACAG	65660	0.743917	18.54681	18
CGACC	66115	0.7405865	18.984821	13
ACAGA	64390	0.72952807	11.862331	19
GAACC	64685	0.72870755	18.770893	9
GCAGC	66105	0.7185744	16.36488	2
CTCAG	94655	0.70756066	15.909108	4
ACGAT	93920	0.70607704	5.788489	14
CAGAA	61805	0.70024043	9.273146	15
CATCC	90815	0.6995458	20.927633	7
AGGGC	66120	0.69748014	15.831811	14
CAATC	89625	0.694323	8.10475	23
TAAAC	88145	0.6867584	21.154024	3
AAAGT	89830	0.6791868	15.050042	2
TGACT	136040	0.67862684	15.316388	20
TAATG	135235	0.67846495	20.10312	14
TAATA	130335	0.6776597	21.39976	1
ATACT	130970	0.6770933	21.296776	3
ACCCG	60085	0.6730415	18.998156	2
CTGAA	89405	0.6721339	7.327585	6
CACCC	57930	0.66867906	19.245787	1
CAGTC	89300	0.66753125	7.83608	7
ACAGG	60740	0.6640276	16.86203	12
GGCTC	90965	0.65611833	15.4403715	2
CAAAG	57725	0.6540147	18.243557	1
TTGAT	196070	0.65270936	18.218546	19
GCTCA	86705	0.6481332	16.01887	3
GATTG	133885	0.64812374	17.629519	11
TGGCT	133980	0.6448996	10.443037	1
GACCT	86200	0.6443583	12.380665	14
GTGCA	88770	0.6439438	14.865233	14
AGATT	126530	0.63479257	18.001596	10
ACTAT	122245	0.6319865	15.718529	22
ACCGA	55845	0.62912077	18.71784	11
CTACA	80970	0.6272729	6.831501	4
TCCGA	83750	0.6260441	6.464732	10
ATTGT	180850	0.6020426	12.066247	12
AGTCC	79445	0.5938636	6.5520625	8
AGTGG	83990	0.59124964	12.924724	6
GGGCT	84260	0.58978117	12.263889	15
GACTA	78155	0.5875581	14.507899	21
AAAGA	51280	0.58431286	7.4894695	15
GTGGT	125040	0.58406705	13.18283	17
ATGGT	119575	0.5788505	15.3517065	8
AAACG	51055	0.5784447	16.824863	32
GGCAC	52495	0.57063097	9.348913	4
CGACT	75980	0.56796217	15.742523	13
GAGGA	53510	0.56768554	8.776142	18
GACAA	49555	0.56144994	11.626526	21
TCGGT	116565	0.5610742	5.947963	15
GTCCG	77455	0.5586725	6.285269	9
CCCGT	75135	0.5584554	12.570381	3
TGTGG	119360	0.5575355	14.223899	16
AGGAT	76300	0.5566473	5.3033037	19
CCTTG	112045	0.5557545	8.969836	16
ATGGC	74740	0.54216915	5.5302377	1
GCACT	72230	0.53993034	8.399764	5
TCAGC	72060	0.53865963	15.969443	10
TCCCC	70215	0.53779227	15.6435375	9
TTGGC	109990	0.52942604	16.212278	2
TTCAC	102400	0.52638406	9.479527	1
CAGAT	69395	0.52170163	7.335351	20
CTAAG	69075	0.5192959	13.779755	11
AAGTG	70900	0.51725155	15.100693	3
GTACA	68690	0.5164015	11.426902	10
TGCAG	70520	0.511557	14.846114	15
GCTGT	106125	0.5108223	6.21652	7
GTGTG	109285	0.51047474	14.326851	15
TTAGG	105170	0.50911736	8.478225	9
TGTAA	101200	0.5077136	13.873017	1
TCAGT	101345	0.50555307	10.730221	5
GCTAA	65195	0.49012664	14.08735	10
GGTTA	101160	0.4897053	11.497786	19
TGAAG	67035	0.48905447	7.2192073	7
ACAAT	62670	0.48827666	7.9759326	22
AATGT	96645	0.48486146	8.766197	4
CCGTA	63950	0.47803608	12.6236925	4
GTCGG	67970	0.4757587	8.902273	14
AACAC	40245	0.4698659	11.031427	2
CCGCC	42180	0.46979517	10.201802	32
TGCTG	97335	0.4685125	7.99403	6
GCCGC	43300	0.468006	9.716344	31
AGTAT	93105	0.46710154	6.385879	19
GTGGC	66730	0.46707925	13.196645	7
AGCTC	62235	0.46521622	7.2219524	10
GTGAA	60800	0.44356695	8.794891	1
ATTCA	85430	0.441659	6.5078454	4
GAAGA	40060	0.44044954	6.3471036	19
ATGAA	57715	0.4363717	9.645068	20
CAGTT	86245	0.4302277	10.593582	6
CGTAG	58960	0.42769995	12.265305	5
TTCAG	84900	0.42351818	10.6619	9
CATTG	84620	0.42212147	7.585893	6
GTTCA	83280	0.41543695	10.655315	8
AAGAT	54885	0.4149746	5.0183587	16
AAGCT	54555	0.4101366	7.2171807	9
CAACG	36065	0.40628958	7.8016872	7
GAAGG	38295	0.40627024	8.212538	17
TTGTG	125685	0.40371963	10.94281	13
GCTAT	79905	0.39860103	7.501013	17
CAGGT	54735	0.3970515	11.234532	17
TTTGG	122820	0.3945168	10.867309	1
TGCAT	76305	0.38064265	6.293641	19
CTGTC	76705	0.38046455	6.1423206	12
TGGAG	53985	0.38002872	5.808982	9
GTGCT	78635	0.3785019	9.769952	5
GCGAT	51635	0.37456387	8.83609	20
AGAAG	33735	0.37090778	8.895687	16
TGCGA	50275	0.36469835	8.635043	19
GTTTA	108610	0.36155847	5.8011436	7
TGGTT	111415	0.3578822	8.209606	18
CGCCT	47185	0.35071167	6.9379835	33
AAGGC	31720	0.34677234	5.7032123	18
CGGTG	49375	0.34560224	8.606853	16
ACATT	66685	0.34475046	6.489178	2
TGTAC	68705	0.3427305	7.476418	9
TAAAG	45140	0.34129462	5.210009	1
GTTCG	70030	0.33708256	6.1226573	10
CGTGC	46235	0.33348686	9.210479	13
TGTGT	103630	0.33287558	9.873384	14
AACGC	28865	0.3251781	7.902066	8
AGGCA	29570	0.32326794	5.450699	19
TAGAC	42905	0.3225536	7.3117332	2
GCTCC	43355	0.32224444	7.1576314	11
AAGTT	63335	0.3177474	9.160129	13
TAAGT	62610	0.31411022	9.169235	12
GCAGA	28630	0.3129916	5.0773077	16
TTTAG	93820	0.31232315	5.807186	8
TATGA	61970	0.31089935	7.3708687	19
GGAGT	43540	0.30650088	5.7163434	10
ACCTT	58255	0.2994581	8.493526	15
GGTGA	41395	0.2914011	5.0754104	17
GCATT	57920	0.28893024	7.4821806	5
GGACT	39805	0.28874823	6.0366054	4
CTATG	57265	0.2856628	7.373444	18
AACGT	37555	0.28233308	8.591943	33
GAGTC	38580	0.279862	5.8355103	11
CTTGC	55620	0.27588084	8.201464	17
CTGCA	36735	0.27459976	5.990108	18
TGGAC	37315	0.27068558	5.9887342	3
TAACA	33865	0.26385018	6.1403594	1
TGACC	35040	0.2619294	5.740971	20
GTCAG	35830	0.25991333	5.853462	13
TCGTG	53840	0.25915357	6.1266274	12
CATTC	48655	0.25010955	6.4691844	3
TGTCG	49090	0.23628992	6.0321274	13
AGTCA	29595	0.22249094	6.043991	12
TTGCG	38930	0.18738575	5.670179	18
CGCTG	25530	0.18414445	5.0062637	10
TCAAC	23270	0.1802722	5.426377	6
ACGCT	22785	0.17032138	5.1755376	9
>>END_MODULE
