##FastQC	0.10.1
>>Basic Statistics	pass
#Measure	Value	
Filename	SRR873386.fastq	
File type	Conventional base calls	
Encoding	Sanger / Illumina 1.9	
Total Sequences	5000000	
Filtered Sequences	0	
Sequence length	37	
%GC	44	
>>END_MODULE
>>Per base sequence quality	pass
#Base	Mean	Median	Lower Quartile	Upper Quartile	10th Percentile	90th Percentile
1	37.8022332	39.0	38.0	40.0	33.0	40.0
2	37.1279036	39.0	36.0	40.0	33.0	40.0
3	37.3023612	39.0	37.0	40.0	33.0	40.0
4	37.5275136	39.0	38.0	40.0	33.0	40.0
5	37.4520686	39.0	38.0	40.0	33.0	40.0
6	37.099865	39.0	36.0	40.0	32.0	40.0
7	37.257018	39.0	36.0	40.0	33.0	40.0
8	37.6175258	39.0	38.0	40.0	33.0	40.0
9	37.616906	39.0	38.0	40.0	33.0	40.0
10	37.1902392	39.0	36.0	40.0	33.0	40.0
11	37.6097188	39.0	38.0	40.0	33.0	40.0
12	37.263193	39.0	37.0	40.0	33.0	40.0
13	37.5854078	39.0	38.0	40.0	33.0	40.0
14	37.5412952	39.0	38.0	40.0	33.0	40.0
15	37.2619382	39.0	36.0	40.0	33.0	40.0
16	37.38798	39.0	37.0	40.0	33.0	40.0
17	37.6538074	39.0	38.0	40.0	33.0	40.0
18	37.325225	39.0	37.0	40.0	33.0	40.0
19	37.4667846	39.0	37.0	40.0	33.0	40.0
20	37.4405226	39.0	37.0	40.0	33.0	40.0
21	37.0128974	39.0	36.0	40.0	32.0	40.0
22	36.8581016	38.0	36.0	40.0	32.0	40.0
23	36.0075514	38.0	35.0	40.0	28.0	40.0
24	36.0638232	38.0	35.0	40.0	29.0	40.0
25	36.506229	39.0	35.0	40.0	29.0	40.0
26	35.3630462	38.0	35.0	40.0	25.0	40.0
27	34.6284534	38.0	33.0	40.0	22.0	40.0
28	34.5884444	38.0	33.0	40.0	22.0	40.0
29	34.3569808	38.0	33.0	40.0	22.0	40.0
30	34.35221	38.0	33.0	40.0	23.0	40.0
31	34.2193004	38.0	33.0	40.0	21.0	40.0
32	34.3518636	38.0	33.0	40.0	22.0	40.0
33	34.2363428	38.0	33.0	40.0	21.0	40.0
34	34.6947188	38.0	33.0	40.0	23.0	40.0
35	33.9807408	38.0	33.0	40.0	19.0	40.0
36	32.0106906	37.0	29.0	39.0	14.0	40.0
37	32.3164642	36.0	30.0	39.0	16.0	40.0
>>END_MODULE
>>Per sequence quality scores	pass
#Quality	Count
3	2.0
4	6.0
5	43.0
6	66.0
7	79.0
8	87.0
9	129.0
10	174.0
11	189.0
12	248.0
13	304.0
14	458.0
15	597.0
16	1075.0
17	1906.0
18	3125.0
19	4695.0
20	6840.0
21	9806.0
22	13700.0
23	19165.0
24	26641.0
25	42604.0
26	62965.0
27	85287.0
28	108031.0
29	133218.0
30	139717.0
31	146641.0
32	164301.0
33	191241.0
34	228551.0
35	289296.0
36	386867.0
37	570530.0
38	781364.0
39	1550331.0
40	29721.0
>>END_MODULE
>>Per base sequence content	fail
#Base	G	A	T	C
1	5.042788478370687	12.738192530647154	75.26850958051786	6.950509410464297
2	21.310701961334907	58.61276545701747	15.303796308851947	4.772736272795673
3	54.49142431991072	21.850598862576113	9.46151869189253	14.196458125620637
4	19.94808	11.763959999999999	13.027920000000002	55.26004
5	20.44378	12.826299999999998	56.43992	10.290000000000001
6	10.46888	10.92852	66.21838	12.38422
7	7.9653	67.61703999999999	16.34782	8.069840000000001
8	21.1187	14.71246	55.996460000000006	8.17238
9	7.911354357112435	7.560262300775264	29.76284381764899	54.765539524463314
10	17.131983426396687	63.473852694770535	9.723641944728389	9.670521934104388
11	69.45992	9.6295	8.15456	12.756020000000001
12	15.48974	58.81752	11.46738	14.22536
13	16.41084	8.73988	18.40072	56.44856
14	14.834700000000002	8.443240000000001	70.41712	6.30494
15	64.61258	17.380300000000002	7.17104	10.836079999999999
16	9.20306	59.245000000000005	22.125700000000002	9.42624
17	11.67222	15.23624	63.87864	9.2129
18	58.6089	7.16708	21.50748	12.716540000000002
19	9.005263707379632	18.376234875191454	63.87164298151682	8.746858435912094
20	24.653932577528042	10.564853953977678	58.743831206818456	6.037382261675832
21	57.23839184892413	10.935828117643718	18.343200710083124	13.482579323349023
22	12.02074	59.42992	21.810679999999998	6.73866
23	4.64468	25.528760000000002	18.050340000000002	51.776219999999995
24	6.7512799999999995	50.28022	30.20498	12.76352
25	3.94256	9.912139999999999	61.2343	24.911
26	4.97102	6.53262	29.329060000000002	59.1673
27	11.800623439276675	6.978739660598618	53.180630379713925	28.04000652041079
28	23.989038739455037	7.480400246028293	17.03769933542357	51.492861679093096
29	50.143095339820434	15.194388838483485	25.787824454781553	8.874691366914533
30	8.497472403672896	25.63165904413812	60.841319918963286	5.02954863322569
31	10.985828383198726	52.89214077244703	29.88423115843451	6.237799685919735
32	22.796065641459805	10.494083398366506	52.35856860471188	14.351282355461818
33	51.51454776407517	6.180034206499235	9.846570848461207	32.45884718096438
34	14.378831839939316	5.782827595809001	7.550975173758087	72.28736539049359
35	22.593492001947844	5.698589652328712	13.106846230209937	58.60107211551351
36	50.95081716664086	4.887616331570131	27.00008681982965	17.16147968195936
37	7.916279179554843	4.955280870062177	62.667452942945026	24.46098700743795
>>END_MODULE
>>Per base GC content	fail
#Base	%GC
1	11.993297888834983
2	26.08343823413058
3	68.68788244553136
4	75.20812
5	30.73378
6	22.8531
7	16.035140000000002
8	29.29108
9	62.676893881575744
10	26.802505360501073
11	82.21594
12	29.7151
13	72.8594
14	21.13964
15	75.44866
16	18.629299999999997
17	20.885119999999997
18	71.32544
19	17.752122143291725
20	30.691314839203876
21	70.72097117227317
22	18.7594
23	56.420899999999996
24	19.514799999999997
25	28.85356
26	64.13832000000001
27	39.84062995968746
28	75.48190041854814
29	59.01778670673497
30	13.527021036898585
31	17.223628069118462
32	37.14734799692162
33	83.97339494503956
34	86.6661972304329
35	81.19456411746135
36	68.11229684860022
37	32.3772661869928
>>END_MODULE
>>Per sequence GC content	fail
#GC Content	Count
0	418.0
1	227.5
2	37.0
3	37.0
4	24.5
5	12.0
6	12.0
7	11.0
8	10.0
9	6.5
10	3.0
11	3.0
12	6.0
13	9.0
14	9.0
15	18.0
16	27.0
17	27.0
18	50.0
19	73.0
20	125.5
21	178.0
22	178.0
23	772.5
24	1367.0
25	1367.0
26	1445.0
27	1523.0
28	3257.0
29	4991.0
30	4991.0
31	43960.0
32	82929.0
33	82929.0
34	69270.0
35	55611.0
36	67667.0
37	79723.0
38	79723.0
39	192800.0
40	305877.0
41	305877.0
42	1511348.0
43	2716819.0
44	2716819.0
45	1702705.0
46	688591.0
47	523644.5
48	358698.0
49	358698.0
50	370169.0
51	381640.0
52	381640.0
53	262005.5
54	142371.0
55	109665.5
56	76960.0
57	76960.0
58	72135.0
59	67310.0
60	67310.0
61	41153.0
62	14996.0
63	14996.0
64	11220.0
65	7444.0
66	5453.0
67	3462.0
68	3462.0
69	2842.5
70	2223.0
71	2223.0
72	1780.5
73	1338.0
74	1817.5
75	2297.0
76	2297.0
77	2247.0
78	2197.0
79	2197.0
80	1360.0
81	523.0
82	354.0
83	185.0
84	185.0
85	136.5
86	88.0
87	88.0
88	65.5
89	43.0
90	43.0
91	27.5
92	12.0
93	8.5
94	5.0
95	5.0
96	5.5
97	6.0
98	6.0
99	5.0
100	4.0
>>END_MODULE
>>Per base N content	pass
#Base	N-Count
1	0.0315
2	7.6E-4
3	0.0021
4	0.0
5	0.0
6	0.0
7	0.0
8	0.0
9	0.026219999999999997
10	1.9999999999999998E-5
11	0.0
12	0.0
13	0.0
14	0.0
15	0.0
16	0.0
17	0.0
18	0.0
19	0.00204
20	7.0E-4
21	4.4E-4
22	0.0
23	0.0
24	0.0
25	0.0
26	0.0
27	0.0063
28	0.0115
29	0.01072
30	0.01568
31	0.01282
32	0.02538
33	0.019
34	0.02192
35	0.033159999999999995
36	0.02284
37	0.01818
>>END_MODULE
>>Sequence Length Distribution	pass
#Length	Count
37	5000000.0
>>END_MODULE
>>Sequence Duplication Levels	fail
#Total Duplicate Percentage	96.36516952478176
#Duplication Level	Relative count
1	100.0
2	12.873149313271398
3	5.41618698294557
4	2.9523975261706514
5	1.9028941661535166
6	1.3460148322668737
7	1.0233996412411983
8	0.7643704318492142
9	0.6090867714385158
10++	6.977724826644534
>>END_MODULE
>>Overrepresented sequences	fail
#Sequence	Count	Percentage	Possible Source
TAGCTTATCAGACTGATGTTGACATCTCGTATGCCGT	1821196	36.423919999999995	No Hit
TAGCTTATCAGACTGATGTTGAATCTCGTATGCCGTC	182476	3.64952	No Hit
TGAGGTAGTAGGTTGTATAGTTATCTCGTATGCCGTC	174415	3.4882999999999997	No Hit
TGAGGTAGTAGATTGTATAGTTATCTCGTATGCCGTC	125343	2.50686	No Hit
TAGCTTATCAGACTGATGTTGATCTCGTATGCCGTCT	101438	2.02876	No Hit
TAATACTGCCGGGTAATGATGGAATCTCGTATGCCGT	101384	2.02768	No Hit
AGCTTATCAGACTGATGTTGACATCTCGTATGCCGTC	72834	1.45668	No Hit
ATCTCGTATGCCGTCTTCTGCTTGAAAAAAAAAAAAA	71670	1.4334	Illumina Single End Adapter 1 (95% over 24bp)
TAGCTTATCAGACTGATGTTGACTATCTCGTATGCCG	58825	1.1764999999999999	No Hit
TGTAAACATCCCCGACTGGAAGCATCTCGTATGCCGT	51844	1.03688	No Hit
TGAGGTAGTAGGTTGTGTGGTTATCTCGTATGCCGTC	49629	0.99258	No Hit
TTTGGCAATGGTAGAACTCACACTATCTCGTATGCCG	45877	0.91754	No Hit
TGAAATGTTTAGGACCACTAGATCTCGTATGCCGTCT	39283	0.78566	No Hit
TAGCTTATCAGACTGATGTTGACAATCTCGTATGCCG	33163	0.66326	No Hit
CACCCGTAGAACCGACCTTGCGATCTCGTATGCCGTC	33026	0.66052	No Hit
AGCAGCATTGTACAGGGCTATGAATCTCGTATGCCGT	30951	0.61902	No Hit
CAAAGTGCTGTTCGTGCAGGTAGATCTCGTATGCCGT	30925	0.6185	No Hit
GTGAAATGTTTAGGACCACTAGATCTCGTATGCCGTC	24820	0.49639999999999995	No Hit
TGGCTCAGTTCAGCAGGAACAGATCTCGTATGCCGTC	21114	0.42228	No Hit
TTCACAGTGGCTAAGTTCTGCATCTCGTATGCCGTCT	19220	0.3844	No Hit
TGAGGTAGTAGGTTGTATAGTATCTCGTATGCCGTCT	18555	0.3711	RNA PCR Primer, Index 44 (95% over 22bp)
TAATACTGCCGGGTAATGATGGATCTCGTATGCCGTC	16919	0.33838	No Hit
ATCTCGTATGCCGTCTTCTGCTTGAAAAAAAAAACGT	15314	0.30628	Illumina Single End Adapter 1 (95% over 24bp)
TTTGGCAATGGTAGAACTCACACATCTCGTATGCCGT	15227	0.30454000000000003	No Hit
TGAGGTAGTAGATTGTATAGTATCTCGTATGCCGTCT	14533	0.29066000000000003	RNA PCR Primer, Index 44 (95% over 22bp)
TAACACTGTCTGGTAAAGATGGCATCTCGTATGCCGT	14424	0.28847999999999996	No Hit
TTTGGCAATGGTAGAACTCACACTGATCTCGTATGCC	13899	0.27798	No Hit
GCTTATCAGACTGATGTTGACATCTCGTATGCCGTCT	13512	0.27024000000000004	No Hit
CACCCGTAGAACCGACCTTGCATCTCGTATGCCGTCT	13463	0.26926	TruSeq Adapter, Index 8 (95% over 21bp)
GTTCTACAGTCCGACGATCATCTCGTATGCCGTCTTC	13120	0.2624	Illumina PCR Primer Index 7 (95% over 23bp)
TGGCTCAGTTCAGCAGGAACAGTATCTCGTATGCCGT	13055	0.2611	No Hit
CAACGGAATCCCAAAAGCAGCTGATCTCGTATGCCGT	12570	0.2514	No Hit
ATGGCACTGGTAGAATTCACTGATCTCGTATGCCGTC	12514	0.25028	No Hit
TGAGGTAGTAGGTTGTGTGGTATCTCGTATGCCGTCT	12360	0.24719999999999998	No Hit
TGTAAACATCCTTGACTGGAAGCATCTCGTATGCCGT	12215	0.2443	No Hit
TTCACAGTGGCTAAGTTCTGATCTCGTATGCCGTCTT	12137	0.24274	Illumina PCR Primer Index 9 (95% over 21bp)
CTAGACTGAAGCTCCTTGAGGATCTCGTATGCCGTCT	11746	0.23492000000000002	RNA PCR Primer, Index 26 (95% over 21bp)
TTCACAGTGGCTAAGTTCCGCATCTCGTATGCCGTCT	11429	0.22858	RNA PCR Primer, Index 18 (95% over 22bp)
AACATTCAACGCTGTCGGTGAGTATCTCGTATGCCGT	11320	0.2264	No Hit
ATCCTGAGATATCCTGAGATATCCTGAGATTCGTATG	11193	0.22385999999999998	No Hit
TTTGGCAATGGTAGAACTCACAATCTCGTATGCCGTC	11183	0.22366	RNA PCR Primer, Index 40 (95% over 21bp)
TATGGCACTGGTAGAATTCACTGATCTCGTATGCCGT	11011	0.22022	No Hit
TAGCTTATCAGACTGATGTTGATCTCGTATGCCGCCT	10818	0.21636	No Hit
TGAGGTAGTAGGTTGTATGGTTATCTCGTATGCCGTC	10167	0.20334	No Hit
ATCTCGTATGCCGTCTTCTGCTTGAAAAAAAAACCGT	10148	0.20296	Illumina Single End Adapter 1 (95% over 24bp)
CGGATCTCGTATGCCGTCTTCTGCTTGAAAAAAAAAA	10088	0.20176	Illumina Paired End PCR Primer 2 (96% over 27bp)
TTTGGCAATGGTAGAACTCACACTGGATCTCGTATGC	9422	0.18844	No Hit
TGAAATGTTTAGGACCACTAGTATCTCGTATGCCGTC	9213	0.18426	No Hit
TAGCTTATCAGACTGATGTTGACCATCTCGTATGCCG	9101	0.18202	No Hit
TTATCAGACTGATGTTGACATCTCGTATGCCGTCTTC	8724	0.17448	RNA PCR Primer, Index 41 (95% over 22bp)
CTACAGTCCGACGATCATCTCGTATGCCGTCTTCTGC	8075	0.16149999999999998	Illumina PCR Primer Index 7 (96% over 26bp)
TGAGGTAGTAGTTTGTACAGTTATCTCGTATGCCGTC	7914	0.15828	RNA PCR Primer, Index 5 (95% over 21bp)
ATCAGACTGATGTTGACATCTCGTATGCCGTCTTCTG	7720	0.1544	RNA PCR Primer, Index 41 (95% over 24bp)
ATCTCGTATGCCGTCTTCTGCTTGAAAAAAAAAAAAC	7361	0.14722	Illumina Single End Adapter 1 (95% over 24bp)
AGCTTATCAGACTGATGTTGAATCTCGTATGCCGTCT	7016	0.14032	Illumina PCR Primer Index 8 (95% over 21bp)
TGGCTCAGTTCAGCAGGAACATCTCGTATGCCGTCTT	6987	0.13974	RNA PCR Primer, Index 7 (95% over 21bp)
TAAAGTGCTTATAGTGCAGGTAGATCTCGTATGCCGT	6967	0.13934	No Hit
CAGAGTTCTACAGTCCGACGATCATCTCGTATGCCGT	6863	0.13726000000000002	Illumina DpnII expression Sequencing Primer (100% over 23bp)
ATCTCAGGATATCTCAGGATATCTCAGGATTCGTATG	6829	0.13657999999999998	No Hit
ACTGGACTTGGAGTCAGAAGGCATCTCGTATGCCGTC	6759	0.13518	No Hit
AGTTCTACAGTCCGACGATCATCTCGTATGCCGTCTT	6694	0.13388	Illumina PCR Primer Index 7 (95% over 22bp)
ATCTCGTATGCCGTCTTCTGCTTGAAAAAAAAAAAGA	6686	0.13372	Illumina Single End Adapter 1 (95% over 24bp)
AGAGTTCTACAGTCCGACGATCATCTCGTATGCCGTC	6618	0.13236	Illumina DpnII expression Sequencing Primer (100% over 22bp)
CTAGACTGAAGCTCCTTGAGGAATCTCGTATGCCGTC	6475	0.1295	No Hit
TGTAAACATCCCCGACTGGAAGATCTCGTATGCCGTC	6472	0.12944	RNA PCR Primer, Index 47 (95% over 23bp)
AAAAATTTCGGTTGGGATCTCGTATGCCGTCTTCTGC	6302	0.12604	RNA PCR Primer, Index 34 (96% over 25bp)
TAGCTTATCAGACTGATGTTGACTCTCGTATGCCGTC	6300	0.126	No Hit
TGAGGTAGGAGGTTGTATAGTTATCTCGTATGCCGTC	6255	0.1251	No Hit
TACAGTACTGTGATAACTGAAGATCTCGTATGCCGTC	5929	0.11858	No Hit
TGAGCATGTAGACAAAGGTAACACTGAAGATCTCGTA	5635	0.1127	No Hit
TGTAAACATCCCCGACTGGAAGCTATCTCGTATGCCG	5605	0.1121	No Hit
TAAAGTGCTGACAGTGCAGATAATCTCGTATGCCGTC	5553	0.11106	Illumina PCR Primer Index 7 (95% over 21bp)
ATCTCGTATGCCGTCTTCTGCTTGAAAAAAAAAAAGT	5542	0.11084000000000001	Illumina Single End Adapter 1 (95% over 24bp)
TGAGGTAGTAGGTTGTGTGGTTTATCTCGTATGCCGT	5439	0.10878000000000002	No Hit
AACATTCATTGCTGTCGGTGGATCTCGTATGCCGTCT	5403	0.10805999999999999	No Hit
TATGGCACTGGTAGAATTCACTATCTCGTATGCCGTC	5357	0.10713999999999999	No Hit
GTAGGTTGTATAGTTATCTCGTATGCCGTCTTCTGCT	5304	0.10608	RNA PCR Primer, Index 38 (96% over 27bp)
>>END_MODULE
>>Kmer Content	fail
#Sequence	Count	Obs/Exp Overall	Obs/Exp Max	Max Obs/Exp Position
ATGCC	4746505	35.52358	579.27734	31
TGCCG	4831680	34.430386	551.5378	32
GCCGT	4423340	31.520567	551.659	33
CAGAC	2550000	29.214514	903.1302	9
ATCTC	4829165	24.796936	396.83057	24
TCGTA	4871610	24.25028	384.73694	27
CGTAT	4852545	24.155378	384.41034	28
TATGC	4756005	23.674816	384.30945	30
TCTCG	4835435	23.640814	378.87738	25
CTCGT	4801685	23.47581	377.904	26
GTATG	4828455	23.3008	371.8333	29
AAAAA	1784890	22.264027	90.68958	29
ACTGA	2662015	20.284792	600.76483	12
TCAGA	2592020	19.751423	602.66626	8
AGACT	2586350	19.70822	600.63666	10
ATCAG	2563020	19.530443	600.7915	7
GACTG	2681135	19.452694	572.01013	11
ACATC	2151920	16.914839	492.3683	22
TGACA	2083055	15.873066	484.75302	20
GACAT	2026335	15.440853	475.6892	21
CCGTC	2083010	15.311464	239.44139	33
TATCA	2543050	13.295301	412.26288	6
TGATG	2720835	13.130004	380.18524	14
CTGAT	2635315	13.118277	392.43835	13
CATCT	2475325	12.710369	338.6501	23
GCTTA	2533630	12.612102	392.23596	3
AGCTT	2500910	12.449225	392.14752	2
GATGT	2556470	12.336823	379.4141	15
GTTGA	2552250	12.316458	378.8151	18
TAGCT	2415370	12.023417	392.0245	1
TTGAC	2216955	11.035733	338.02243	19
TTATC	3009015	10.276657	269.33228	5
ATGTT	2644795	8.756647	260.23172	16
CTTAT	2543575	8.687044	269.2995	4
TGTTG	2558055	8.064114	247.46419	17
CGTCT	1101520	5.385417	63.528202	33
GGTAG	750900	5.2815514	118.04633	4
AGGTA	578290	4.2719297	122.69301	3
TGAGG	554455	3.8998303	118.72031	1
AGTAG	511215	3.776435	121.44528	7
GAGGT	528955	3.7204728	117.00885	2
GAATC	474260	3.6139038	54.42246	21
GATCT	698920	3.4791386	34.392258	21
GTAGA	465245	3.4368465	40.563026	8
GAAAA	288475	3.426111	70.21656	24
AATCT	612725	3.203383	43.297882	22
CCGAC	278175	3.1301079	48.605892	12
TGAAA	403325	3.1291945	46.12442	23
TATCT	875850	2.9912813	51.07398	22
TAGTA	560530	2.8409295	82.144356	6
TTGAA	525490	2.6633368	33.846577	19
GTAGT	533120	2.572691	78.230484	5
GTAGG	355630	2.5013692	74.75257	8
TCTGC	478405	2.338959	33.525757	17
AGAAC	198660	2.3173218	48.159096	13
GTCTT	704220	2.290007	19.60366	13
TATAG	418425	2.1207	64.96851	16
ATAGT	418110	2.1191034	64.988075	17
GTATA	412570	2.091025	65.111046	15
TCTTC	604040	2.0261698	20.24334	14
CTGCT	408805	1.9986794	29.949184	18
ACAGT	257280	1.9604967	15.480592	4
GACGA	170755	1.8964888	10.719168	13
CTTCT	558245	1.8725566	20.479065	15
AGTTA	366560	1.857833	57.788452	19
TAGAA	238180	1.847918	34.297268	12
GCATC	246600	1.8455925	24.048784	22
CTTGA	368435	1.8340243	29.859781	21
TTCTG	546610	1.7774854	24.133993	16
GGTTG	384645	1.7673545	50.88644	11
CGATC	235035	1.7590383	10.139631	21
CGACG	159135	1.7359022	10.545945	12
GCCGG	164510	1.7086487	45.391853	8
AGGTT	353570	1.7062318	52.754807	10
TTGTA	508310	1.6829627	45.423794	13
TAGGT	344540	1.6626556	50.850853	9
CCGGG	159320	1.6547439	45.343864	9
TGGAA	220130	1.6261389	26.048183	20
AGATC	212970	1.6228505	17.182863	21
GCTTG	337720	1.6006708	28.908678	20
TACAG	209820	1.5988474	9.981802	11
TCACA	199945	1.5716372	28.77689	18
TGTAT	466610	1.5448979	44.299103	14
TAGAT	298820	1.5145069	26.677511	9
AAACA	119995	1.4700701	36.684265	4
GTTAT	441025	1.4601886	43.73865	20
TGAAT	286265	1.4508746	33.6701	20
GAAGC	124560	1.3834245	28.919027	19
TGGCA	190405	1.3814635	33.58693	3
ACGAT	179700	1.36933	7.481322	14
CAGGA	121760	1.3523263	19.49789	14
GGCAA	120665	1.3401647	40.833614	4
GGTAA	180085	1.3303195	39.073635	12
CACTA	168230	1.3223463	14.707396	16
GGATC	180910	1.3125736	6.961759	20
TAGTT	394100	1.304825	38.065907	18
AGCAG	117015	1.299626	19.573017	12
TGATC	258775	1.2881505	22.023584	20
ACCAC	108070	1.2771602	23.172224	14
GACCA	109795	1.2578855	21.632298	13
GGAAT	169735	1.2538623	26.18328	21
CAGCA	108760	1.2460278	20.135332	11
ACTGG	170175	1.2346869	21.321283	15
AATGA	157100	1.2188594	35.256897	15
AGCAT	159895	1.2184142	18.859913	21
CAGTC	162655	1.2173352	9.397324	7
TGCTT	374345	1.217308	19.846907	19
TCCGA	162615	1.2170358	7.9763384	10
CACAC	102030	1.20578	36.05138	19
AAGCA	101980	1.1895726	26.65573	20
AATAC	148485	1.1883426	37.028828	2
GATGG	168105	1.1823881	33.98361	18
AGTCC	154815	1.1586595	8.142536	8
AACAT	143055	1.1448857	23.896128	5
CTGCC	155415	1.1424004	33.49081	6
CCCGA	100810	1.1343441	25.775991	11
GTTGT	358570	1.1303703	34.118156	12
GATCA	148125	1.1287258	5.0778117	16
GCAGG	106550	1.1267596	18.648472	13
GAACT	147800	1.1262493	31.364729	14
AGGAC	101355	1.1256984	21.068205	11
GGGTA	158205	1.1127551	30.4048	11
ACTGC	148595	1.1121079	34.125042	5
AAAAC	90775	1.1120932	13.718301	31
CTACA	141135	1.1093701	8.692391	4
ATCCC	142910	1.1032833	21.769554	8
TGGTA	228130	1.1008927	21.387999	9
GGACC	100560	1.0969449	20.609583	12
GTCCG	152735	1.0883844	7.5776258	9
GGAAG	101050	1.0880065	30.676598	18
CTGGA	145455	1.0553335	21.375301	16
CCCCG	94355	1.0427705	25.235947	10
CACTG	139040	1.0405968	6.81079	21
ATGGA	140665	1.0391171	30.847176	19
ATGAT	203810	1.0329685	24.024536	16
AGATT	200545	1.0164206	26.630058	10
CGGGT	145155	1.0027531	29.746157	10
GCAAT	128555	0.97960055	28.460075	5
GTAAA	125910	0.97687197	23.264448	2
CTCAC	125435	0.968374	27.970587	17
CTCAG	128620	0.9626119	13.105395	4
AACTC	121060	0.95157367	28.807669	15
GAAAT	122105	0.9473509	14.646043	2
AACCG	80515	0.9224341	19.390629	10
ACTCA	117145	0.9208004	28.822136	16
CACAG	80300	0.91997087	21.36811	3
TAGGA	124340	0.9185214	13.925185	10
GTATC	183230	0.9120967	10.490706	20
CTATC	177295	0.9103794	20.323156	23
ACACT	114955	0.9035863	19.990276	20
AATGG	122095	0.9019372	27.253723	7
CAATG	117985	0.89905626	27.994818	6
CTGAG	123295	0.89455396	6.9796305	4
GATTG	181915	0.87787193	25.437557	11
GAGAT	116365	0.8596087	8.528939	16
TGAGA	115215	0.85111344	7.08253	5
AAATG	108940	0.84521025	14.720151	3
AGTTC	169405	0.8432775	9.348037	7
AGGAA	74275	0.839918	19.768597	15
CTAGA	110020	0.8383622	11.116176	18
GTAAT	165080	0.8366736	22.74442	13
TACTG	166610	0.82936436	23.111471	4
ACTAG	106480	0.8113871	13.626807	17
GGCTA	110305	0.8003064	12.898274	9
CCTGA	106910	0.8001309	7.1652656	3
CATCC	100985	0.77961695	23.03715	7
TAATA	146205	0.7782566	24.626945	1
GAACA	66525	0.77599835	20.026476	17
ATACT	147535	0.7713266	24.231394	3
TAAAC	95545	0.7646577	23.867033	3
TAATG	149740	0.75892603	22.803785	14
CAATC	95540	0.7509776	9.646083	23
CCACT	97035	0.7491225	14.439834	15
ATATC	142855	0.74685913	9.430342	19
TGACT	149170	0.7425501	17.18393	20
ATTGT	224075	0.7418895	17.380436	12
ACTAT	141520	0.7398796	19.184277	22
CGACC	65510	0.737138	19.32132	13
AGAAT	94520	0.7333328	5.960902	13
GAACC	63000	0.7217704	19.461514	9
CAGTG	99220	0.71988034	12.861158	5
ACCCG	62960	0.70844465	19.394281	2
CACCC	60925	0.7071612	19.72103	1
GACAA	59605	0.69527817	13.996517	21
AGTGC	94525	0.6858162	13.242266	4
ACAGA	58410	0.68133885	9.520563	19
GGAAC	61130	0.67893976	19.091742	16
GATAT	133955	0.678923	8.938225	8
GCAGC	62185	0.6783365	13.580547	2
AGATA	86635	0.6721571	8.578803	17
ACCGA	57985	0.6643152	19.460562	11
CAAAG	56780	0.6623252	17.241312	1
ATGGT	136605	0.65921825	17.861824	8
GACCT	86845	0.6499614	12.679416	14
AACAG	55155	0.64337	15.369157	18
CTGAA	83335	0.6350202	6.4947777	6
GACTA	82345	0.6274763	15.970962	21
CAGGG	58915	0.62302244	13.123192	13
CGACT	81900	0.6129523	17.487444	13
CCCGT	82555	0.60683244	12.66934	3
AAAAG	50610	0.6010762	6.35823	13
TCTAC	116715	0.5993115	5.6505246	3
TTGGC	126225	0.5982609	18.522356	2
TCCCC	78160	0.5926409	17.305912	9
GTGCA	81555	0.5917138	13.704303	14
CAGAA	50310	0.58685416	5.700337	15
GGCAC	53430	0.58283377	10.562141	4
TGGCT	118420	0.56126803	8.493279	1
ACAAT	70005	0.5602581	9.587025	22
AAAGT	71750	0.5566719	14.208273	2
AGGGC	52395	0.5540739	13.077833	14
ACAGG	49750	0.552548	14.063183	12
TGTAA	108555	0.55018836	15.374857	1
AGTGG	77590	0.54573923	12.465726	6
GCTCA	71745	0.53695065	13.216785	3
GCACT	71440	0.534668	9.095977	5
ATGGC	73240	0.5313851	5.622411	2
GGCTC	73915	0.52671576	12.552606	2
CCTTG	107480	0.525478	8.989792	16
AAAGA	43905	0.5214434	7.8142624	15
TTCAC	101495	0.52115947	9.156533	1
AACAC	42755	0.51445156	10.979995	2
CCGCC	46145	0.5099746	9.123187	32
TTAGG	105020	0.50679773	9.061511	9
CTAAG	66440	0.5062787	13.486745	11
TTGAT	152085	0.50353795	13.72396	19
CCGTA	67260	0.50338423	12.901666	4
GCCGC	46910	0.5025828	8.743475	31
GTGGT	109135	0.50145	11.426366	17
AATGT	97920	0.49628714	9.48792	4
GAGGA	45580	0.49076045	7.7557497	18
TATCC	94385	0.48465082	5.727502	10
AGTAT	93770	0.47525373	7.174535	19
AAGTG	64280	0.47484764	13.969338	3
GCTAA	62020	0.47259796	13.62629	10
TGTGG	101980	0.46857443	12.1396475	16
GGGCT	67020	0.4629845	9.901967	15
TGCAG	63470	0.46049994	13.678325	15
TCAGC	61045	0.4568702	13.154784	10
CAACG	39725	0.45511636	6.594303	7
TGAAG	60930	0.4501006	6.4266953	7
GTACA	58405	0.44505134	9.63357	10
TCAGT	89205	0.44405162	8.800955	5
CGTAG	61065	0.4430507	12.524723	5
GTGTG	95945	0.440845	12.224464	15
GGTTA	90620	0.43730724	10.725245	19
GCTGT	92225	0.4371132	5.6946907	7
CAGAT	57190	0.4357929	5.8483496	20
GTGGC	62760	0.43355578	12.4941435	7
TTTGG	134690	0.42460212	12.366771	1
ATTCA	79500	0.41563338	5.326954	4
AAGAT	53555	0.41550612	5.186681	16
GAAGA	36715	0.41518125	5.2836285	19
GTGAA	54370	0.40164074	8.232951	1
AGCTC	53315	0.3990177	6.2884665	10
AAACC	33050	0.3976757	6.7675695	31
TGCTG	83790	0.39713433	6.9828596	6
CAGGT	52250	0.3790944	10.840325	17
ATGAA	48620	0.37721798	8.158738	20
GTTTA	111930	0.37058878	6.1886306	7
CATTG	73975	0.36823854	6.2659774	6
GTCGG	53170	0.3673066	7.0627184	14
AAGCT	47935	0.365269	6.3640018	9
CAGTT	72875	0.36276287	8.717989	6
GCGAT	49720	0.36073825	8.86978	20
TGCAT	72050	0.3586561	6.065944	19
TTCAG	71810	0.35746145	8.771382	9
CAAAA	29000	0.35528177	6.5930624	12
GTTCA	70175	0.34932256	8.774668	8
GCTAT	70025	0.34857592	6.1915994	17
TTGTG	107270	0.3381622	9.25909	13
TGCGA	46605	0.3381377	8.721578	19
CGCCT	45605	0.33522612	6.2354217	33
CGGAA	29960	0.33275047	6.079692	4
GTGCT	70050	0.3320117	8.795055	5
AAACG	28265	0.3297045	8.379992	32
AAAGC	28150	0.32836306	6.256352	14
TAGAC	42910	0.32697806	6.441843	2
ACACA	27105	0.3261422	6.400091	20
ACATT	62100	0.32466453	5.303819	2
TGGTT	100425	0.31658375	7.5425725	18
AAGTT	62395	0.31623608	8.946924	13
TTTAG	95390	0.31582657	6.1940947	8
TAAGT	61645	0.31243485	8.956121	12
CGTGC	43365	0.3090175	8.475143	13
ACCTT	59575	0.3059074	8.673226	15
GATTC	59930	0.29832426	6.158393	28
TGTAC	59020	0.29379436	6.1641183	9
TAACA	36430	0.2915535	6.1021295	1
TGTGT	91245	0.28764436	8.41707	14
ACGGA	25640	0.28477043	5.958877	3
TGACC	37875	0.28346235	6.5256124	20
CGGTG	40715	0.28126553	6.873755	16
GCTCC	37850	0.27822188	6.148394	11
GTTCG	58570	0.27760062	5.624496	10
CTTGC	56690	0.27716178	8.241288	17
TATGA	52375	0.2654518	6.196189	19
ATTCG	53115	0.26440004	6.143675	29
CTATG	50580	0.25178108	6.0757995	18
AACGC	21885	0.2507293	6.6056466	8
GCATT	49825	0.24802278	6.1641183	5
CTGCA	32985	0.24686484	5.639214	18
CCAAA	20245	0.24359892	6.4377313	11
AGAAG	21480	0.24290057	5.408603	16
CCCAA	19705	0.23287167	6.3053403	10
TCGTG	48860	0.23157875	5.6158953	12
AACGG	20815	0.23118162	5.92778	2
CATTC	43085	0.22123408	5.2244053	3
TTGCG	38640	0.18313964	5.6685004	18
>>END_MODULE
