##FastQC	0.10.1
>>Basic Statistics	pass
#Measure	Value	
Filename	SRR873389.fastq	
File type	Conventional base calls	
Encoding	Sanger / Illumina 1.9	
Total Sequences	5000000	
Filtered Sequences	0	
Sequence length	37	
%GC	44	
>>END_MODULE
>>Per base sequence quality	pass
#Base	Mean	Median	Lower Quartile	Upper Quartile	10th Percentile	90th Percentile
1	37.8632514	39.0	38.0	40.0	33.0	40.0
2	37.2682648	39.0	37.0	40.0	33.0	40.0
3	37.3485578	39.0	38.0	40.0	33.0	40.0
4	37.6135768	39.0	38.0	40.0	33.0	40.0
5	37.5047124	39.0	38.0	40.0	33.0	40.0
6	37.1298368	39.0	36.0	40.0	32.0	40.0
7	37.3714438	39.0	37.0	40.0	33.0	40.0
8	37.6900176	39.0	38.0	40.0	33.0	40.0
9	37.4842634	39.0	38.0	40.0	33.0	40.0
10	37.2839888	39.0	36.0	40.0	33.0	40.0
11	37.684257	39.0	38.0	40.0	34.0	40.0
12	37.3666866	39.0	37.0	40.0	33.0	40.0
13	37.7468464	39.0	38.0	40.0	34.0	40.0
14	37.5445262	39.0	38.0	40.0	33.0	40.0
15	37.2709306	39.0	37.0	40.0	33.0	40.0
16	37.5270086	39.0	37.0	40.0	33.0	40.0
17	37.7837216	39.0	38.0	40.0	34.0	40.0
18	37.4623508	39.0	37.0	40.0	33.0	40.0
19	37.5877402	39.0	38.0	40.0	33.0	40.0
20	37.5964538	39.0	38.0	40.0	33.0	40.0
21	37.245872	39.0	37.0	40.0	33.0	40.0
22	37.1077332	39.0	36.0	40.0	33.0	40.0
23	36.296943	39.0	35.0	40.0	29.0	40.0
24	36.4048066	39.0	35.0	40.0	29.0	40.0
25	36.7152146	39.0	36.0	40.0	30.0	40.0
26	35.7528012	38.0	35.0	40.0	26.0	40.0
27	35.1657178	38.0	35.0	40.0	23.0	40.0
28	35.1110382	38.0	35.0	40.0	23.0	40.0
29	34.737817	38.0	34.0	40.0	23.0	40.0
30	34.7514186	38.0	33.0	40.0	23.0	40.0
31	34.5131036	38.0	33.0	40.0	22.0	40.0
32	34.66078	38.0	33.0	40.0	23.0	40.0
33	34.3301744	38.0	33.0	39.0	22.0	40.0
34	34.9269794	38.0	33.0	40.0	24.0	40.0
35	34.224497	38.0	33.0	40.0	20.0	40.0
36	32.0708498	36.0	30.0	38.0	14.0	40.0
37	32.1349178	36.0	30.0	38.0	16.0	40.0
>>END_MODULE
>>Per sequence quality scores	pass
#Quality	Count
3	2.0
4	18.0
5	30.0
6	43.0
7	64.0
8	69.0
9	103.0
10	100.0
11	144.0
12	154.0
13	195.0
14	256.0
15	489.0
16	924.0
17	1717.0
18	2923.0
19	4754.0
20	6966.0
21	9928.0
22	13791.0
23	18476.0
24	25585.0
25	39926.0
26	58964.0
27	78736.0
28	100344.0
29	126828.0
30	130211.0
31	136425.0
32	152171.0
33	179431.0
34	217511.0
35	277821.0
36	377973.0
37	567677.0
38	786099.0
39	1666016.0
40	17136.0
>>END_MODULE
>>Per base sequence content	fail
#Base	G	A	T	C
1	5.080276821871057	11.863897380773341	76.5316106869282	6.524215110427403
2	21.702555585422985	59.72832904522356	14.270685329544436	4.298430039809019
3	55.5491710983422	21.624003248006495	9.319578639157278	13.507247014494029
4	20.01482424015269	11.67340910922757	12.804607434640442	55.50715921597929
5	20.291439999999998	12.699340000000001	57.0617	9.94752
6	10.02482	10.75038	66.89587999999999	12.32892
7	7.65648	68.29562	16.1106	7.9373
8	20.94886	14.81152	56.718120000000006	7.5215000000000005
9	8.015112422042069	6.394775620978087	29.97575075545108	55.61436120152876
10	16.95680339136068	64.45469289093857	8.781661756332351	9.806841961368393
11	70.75592	8.70406	7.793880000000001	12.74614
12	15.75714	59.5945	10.71076	13.9376
13	16.32098	8.408259999999999	18.32258	56.94818
14	15.28748	7.971839999999999	71.08972	5.65096
15	65.53786000000001	17.93564	6.82574	9.70076
16	8.65352	59.938939999999995	21.89528	9.51226
17	11.7714	14.06718	64.97286	9.188559999999999
18	59.547700000000006	7.0618799999999995	21.31792	12.0725
19	9.529783811913525	17.974307189722875	64.51882580753032	7.977083190833276
20	24.852424852424853	10.382730382730383	59.002979002979004	5.761865761865762
21	58.19901607567073	10.750087300384122	17.94789897075547	13.102997653189675
22	12.623470296328712	60.39368494484387	20.994450386680928	5.988394372146493
23	4.54294726871563	26.02386163817862	17.131627410603855	52.30156368250189
24	6.715599999999999	52.500420000000005	29.319699999999997	11.46428
25	3.6258199999999996	10.068240000000001	61.99966	24.30628
26	4.4703800000000005	6.27824	28.756379999999996	60.495
27	10.868902118875868	6.487578469012928	54.90187685577903	27.741642556332174
28	23.259295587677315	7.473592688458429	16.229593350103816	53.03751837376044
29	52.0176666974033	14.02550633938085	25.292416405521955	8.664410557693897
30	8.400687955301308	25.45894691950371	61.46066080675121	4.679704318443771
31	10.101993298063352	54.94971947242252	29.2708843419844	5.677402887529725
32	22.19607546590039	10.46146324210176	54.15277307656299	13.18968821543487
33	53.04457687494599	5.760540120147608	9.647454464568618	31.547428540337783
34	13.893463865707265	5.266692419457347	6.883856981190127	73.95598673364526
35	22.40639613492167	4.729147858809898	12.086891448102117	60.77756455816631
36	52.790204958808616	4.256156705297053	26.429636996519147	16.52400133937519
37	7.599409401965486	4.201970606907085	64.3398234846324	23.85879650649502
>>END_MODULE
>>Per base GC content	fail
#Base	%GC
1	11.60449193229846
2	26.000985625232005
3	69.05641811283623
4	75.52198345613199
5	30.23896
6	22.35374
7	15.593779999999999
8	28.47036
9	63.62947362357083
10	26.76364535272907
11	83.50206
12	29.694739999999996
13	73.26916
14	20.93844
15	75.23862
16	18.16578
17	20.95996
18	71.6202
19	17.5068670027468
20	30.614290614290613
21	71.3020137288604
22	18.611864668475203
23	56.84451095121752
24	18.17988
25	27.9321
26	64.96538
27	38.61054467520804
28	76.29681396143776
29	60.6820772550972
30	13.080392273745078
31	15.779396185593075
32	35.385763681335256
33	84.59200541528378
34	87.84945059935254
35	83.18396069308798
36	69.3142062981838
37	31.458205908460506
>>END_MODULE
>>Per sequence GC content	fail
#GC Content	Count
0	261.0
1	146.0
2	31.0
3	31.0
4	23.5
5	16.0
6	16.0
7	18.5
8	21.0
9	17.5
10	14.0
11	14.0
12	12.0
13	10.0
14	10.0
15	18.0
16	26.0
17	26.0
18	44.5
19	63.0
20	122.0
21	181.0
22	181.0
23	738.0
24	1295.0
25	1295.0
26	1333.5
27	1372.0
28	3107.0
29	4842.0
30	4842.0
31	44458.5
32	84075.0
33	84075.0
34	69203.5
35	54332.0
36	66457.5
37	78583.0
38	78583.0
39	182874.5
40	287166.0
41	287166.0
42	1521245.5
43	2755325.0
44	2755325.0
45	1719333.0
46	683341.0
47	516260.0
48	349179.0
49	349179.0
50	356915.5
51	364652.0
52	364652.0
53	252696.0
54	140740.0
55	111108.5
56	81477.0
57	81477.0
58	78430.0
59	75383.0
60	75383.0
61	45202.0
62	15021.0
63	15021.0
64	11454.0
65	7887.0
66	5996.5
67	4106.0
68	4106.0
69	3508.0
70	2910.0
71	2910.0
72	2367.5
73	1825.0
74	2271.0
75	2717.0
76	2717.0
77	2438.5
78	2160.0
79	2160.0
80	1353.5
81	547.0
82	365.0
83	183.0
84	183.0
85	180.5
86	178.0
87	178.0
88	110.0
89	42.0
90	42.0
91	29.5
92	17.0
93	12.0
94	7.0
95	7.0
96	7.0
97	7.0
98	7.0
99	7.5
100	8.0
>>END_MODULE
>>Per base N content	pass
#Base	N-Count
1	0.04836
2	0.0025599999999999998
3	1.9999999999999998E-4
4	0.0016200000000000001
5	0.0
6	0.0
7	0.0
8	0.0
9	0.01338
10	1.9999999999999998E-5
11	0.0
12	0.0
13	0.0
14	0.0
15	0.0
16	0.0
17	0.0
18	0.0
19	3.9999999999999996E-5
20	9.999999999999999E-5
21	4.4E-4
22	2.3999999999999998E-4
23	1.5999999999999999E-4
24	0.0
25	0.0
26	0.0
27	0.0083
28	0.00686
29	0.01074
30	0.01676
31	0.01696
32	0.02584
33	0.01632
34	0.02378
35	0.01962
36	0.013080000000000001
37	0.0064399999999999995
>>END_MODULE
>>Sequence Length Distribution	pass
#Length	Count
37	5000000.0
>>END_MODULE
>>Sequence Duplication Levels	fail
#Total Duplicate Percentage	96.32251357732031
#Duplication Level	Relative count
1	100.0
2	12.718614604248124
3	5.001717214414033
4	2.784529219063722
5	1.7403307619148263
6	1.2429990489274014
7	0.9589982035295361
8	0.7205695868117933
9	0.5752668287012576
10++	6.350390996512734
>>END_MODULE
>>Overrepresented sequences	fail
#Sequence	Count	Percentage	Possible Source
TAGCTTATCAGACTGATGTTGACATCTCGTATGCCGT	1904411	38.08822	No Hit
TGAGGTAGTAGGTTGTATAGTTATCTCGTATGCCGTC	181862	3.63724	No Hit
TAGCTTATCAGACTGATGTTGAATCTCGTATGCCGTC	174198	3.4839599999999997	No Hit
TGAGGTAGTAGATTGTATAGTTATCTCGTATGCCGTC	121662	2.43324	No Hit
TAATACTGCCGGGTAATGATGGAATCTCGTATGCCGT	112450	2.249	No Hit
TAGCTTATCAGACTGATGTTGATCTCGTATGCCGTCT	85673	1.71346	No Hit
ATCTCGTATGCCGTCTTCTGCTTGAAAAAAAAAAAAA	72355	1.4471	Illumina Single End Adapter 1 (95% over 24bp)
AGCTTATCAGACTGATGTTGACATCTCGTATGCCGTC	72085	1.4417	No Hit
TGTAAACATCCCCGACTGGAAGCATCTCGTATGCCGT	66298	1.32596	No Hit
TAGCTTATCAGACTGATGTTGACTATCTCGTATGCCG	57869	1.15738	No Hit
TGAGGTAGTAGGTTGTGTGGTTATCTCGTATGCCGTC	55897	1.1179400000000002	No Hit
TTTGGCAATGGTAGAACTCACACTATCTCGTATGCCG	51776	1.03552	No Hit
CACCCGTAGAACCGACCTTGCGATCTCGTATGCCGTC	39763	0.7952600000000001	No Hit
TAGCTTATCAGACTGATGTTGACAATCTCGTATGCCG	36518	0.73036	No Hit
CAAAGTGCTGTTCGTGCAGGTAGATCTCGTATGCCGT	33056	0.66112	No Hit
TGAAATGTTTAGGACCACTAGATCTCGTATGCCGTCT	33027	0.66054	No Hit
AGCAGCATTGTACAGGGCTATGAATCTCGTATGCCGT	29359	0.58718	No Hit
TGGCTCAGTTCAGCAGGAACAGATCTCGTATGCCGTC	25928	0.51856	No Hit
GTGAAATGTTTAGGACCACTAGATCTCGTATGCCGTC	23655	0.4731	No Hit
TGAGGTAGTAGGTTGTATAGTATCTCGTATGCCGTCT	18655	0.3731	RNA PCR Primer, Index 44 (95% over 22bp)
TTCACAGTGGCTAAGTTCTGCATCTCGTATGCCGTCT	18487	0.36974	No Hit
TAATACTGCCGGGTAATGATGGATCTCGTATGCCGTC	17902	0.35804	No Hit
ATCTCGTATGCCGTCTTCTGCTTGAAAAAAAAAACGT	17688	0.35376	Illumina Single End Adapter 1 (95% over 24bp)
CACCCGTAGAACCGACCTTGCATCTCGTATGCCGTCT	16905	0.3381	TruSeq Adapter, Index 8 (95% over 21bp)
TTTGGCAATGGTAGAACTCACACATCTCGTATGCCGT	16306	0.32612	No Hit
TGGCTCAGTTCAGCAGGAACAGTATCTCGTATGCCGT	15115	0.3023	No Hit
TGTAAACATCCTTGACTGGAAGCATCTCGTATGCCGT	14588	0.29175999999999996	No Hit
AACATTCAACGCTGTCGGTGAGTATCTCGTATGCCGT	13996	0.27992	No Hit
GCTTATCAGACTGATGTTGACATCTCGTATGCCGTCT	13869	0.27737999999999996	No Hit
ATGGCACTGGTAGAATTCACTGATCTCGTATGCCGTC	13710	0.2742	No Hit
TGAGGTAGTAGATTGTATAGTATCTCGTATGCCGTCT	13559	0.27118	RNA PCR Primer, Index 44 (95% over 22bp)
TTCACAGTGGCTAAGTTCTGATCTCGTATGCCGTCTT	13484	0.26968000000000003	Illumina PCR Primer Index 9 (95% over 21bp)
TGAGGTAGTAGGTTGTGTGGTATCTCGTATGCCGTCT	13278	0.26556	No Hit
TAACACTGTCTGGTAAAGATGGCATCTCGTATGCCGT	13238	0.26476	No Hit
TTTGGCAATGGTAGAACTCACACTGATCTCGTATGCC	12992	0.25983999999999996	No Hit
CAACGGAATCCCAAAAGCAGCTGATCTCGTATGCCGT	11954	0.23908000000000001	No Hit
TATGGCACTGGTAGAATTCACTGATCTCGTATGCCGT	10826	0.21652	No Hit
TTTGGCAATGGTAGAACTCACAATCTCGTATGCCGTC	10790	0.21580000000000002	RNA PCR Primer, Index 40 (95% over 21bp)
CGGATCTCGTATGCCGTCTTCTGCTTGAAAAAAAAAA	10779	0.21558	Illumina Paired End PCR Primer 2 (96% over 27bp)
TAGCTTATCAGACTGATGTTGATCTCGTATGCCGCCT	10673	0.21345999999999998	No Hit
TTCACAGTGGCTAAGTTCCGCATCTCGTATGCCGTCT	10598	0.21196	RNA PCR Primer, Index 18 (95% over 22bp)
ATCTCGTATGCCGTCTTCTGCTTGAAAAAAAAACCGT	10234	0.20468	Illumina Single End Adapter 1 (95% over 24bp)
CTAGACTGAAGCTCCTTGAGGATCTCGTATGCCGTCT	9850	0.197	RNA PCR Primer, Index 26 (95% over 21bp)
TGAGGTAGTAGGTTGTATGGTTATCTCGTATGCCGTC	9336	0.18672	No Hit
TGGCTCAGTTCAGCAGGAACATCTCGTATGCCGTCTT	9056	0.18112	RNA PCR Primer, Index 7 (95% over 21bp)
TTATCAGACTGATGTTGACATCTCGTATGCCGTCTTC	8726	0.17451999999999998	RNA PCR Primer, Index 41 (95% over 22bp)
TAGCTTATCAGACTGATGTTGACCATCTCGTATGCCG	8718	0.17436000000000001	No Hit
ATCAGACTGATGTTGACATCTCGTATGCCGTCTTCTG	7834	0.15667999999999999	RNA PCR Primer, Index 41 (95% over 24bp)
TGAGGTAGTAGTTTGTACAGTTATCTCGTATGCCGTC	7785	0.1557	RNA PCR Primer, Index 5 (95% over 21bp)
TGAGCATGTAGACAAAGGTAACACTGAAGATCTCGTA	7544	0.15088000000000001	No Hit
ATCTCGTATGCCGTCTTCTGCTTGAAAAAAAAAAAGA	7536	0.15072	Illumina Single End Adapter 1 (95% over 24bp)
ATCTCGTATGCCGTCTTCTGCTTGAAAAAAAAAAAGT	7535	0.1507	Illumina Single End Adapter 1 (95% over 24bp)
TGAAATGTTTAGGACCACTAGTATCTCGTATGCCGTC	7534	0.15068	No Hit
TGTAAACATCCCCGACTGGAAGATCTCGTATGCCGTC	7449	0.14898	RNA PCR Primer, Index 47 (95% over 23bp)
ATCTCGTATGCCGTCTTCTGCTTGAAAAAAAAAAAAC	7099	0.14198	Illumina Single End Adapter 1 (95% over 24bp)
TAAAGTGCTTATAGTGCAGGTAGATCTCGTATGCCGT	7039	0.14078000000000002	No Hit
ACTGGACTTGGAGTCAGAAGGCATCTCGTATGCCGTC	6751	0.13502	No Hit
TGAGGTAGTAGGTTGTGTGGTTTATCTCGTATGCCGT	6720	0.1344	No Hit
GTTCTACAGTCCGACGATCATCTCGTATGCCGTCTTC	6533	0.13066	Illumina PCR Primer Index 7 (95% over 23bp)
AACATTCATTGCTGTCGGTGGATCTCGTATGCCGTCT	6327	0.12654	No Hit
AGCTTATCAGACTGATGTTGAATCTCGTATGCCGTCT	6301	0.12602	Illumina PCR Primer Index 8 (95% over 21bp)
TGTAAACATCCCCGACTGGAAGCTATCTCGTATGCCG	6161	0.12322	No Hit
TTTGGCAATGGTAGAACTCACACTGGATCTCGTATGC	6134	0.12267999999999998	No Hit
CTAGACTGAAGCTCCTTGAGGAATCTCGTATGCCGTC	5952	0.11904	No Hit
TGAGGTAGGAGGTTGTATAGTTATCTCGTATGCCGTC	5819	0.11638	No Hit
TGAGGTAGTAGGTTGTATAGTTAATCTCGTATGCCGT	5701	0.11402000000000001	No Hit
GTAGGTTGTATAGTTATCTCGTATGCCGTCTTCTGCT	5679	0.11358	RNA PCR Primer, Index 38 (96% over 27bp)
TAAAGTGCTGACAGTGCAGATAATCTCGTATGCCGTC	5259	0.10518000000000001	Illumina PCR Primer Index 7 (95% over 21bp)
TTTGTTCGTTCGGCTCGCGTGAATCTCGTATGCCGTC	5249	0.10498	No Hit
AAAAATTTCGGTTGGGATCTCGTATGCCGTCTTCTGC	5127	0.10254	RNA PCR Primer, Index 34 (96% over 25bp)
TATGGCACTGGTAGAATTCACTATCTCGTATGCCGTC	5111	0.10222	No Hit
>>END_MODULE
>>Kmer Content	fail
#Sequence	Count	Obs/Exp Overall	Obs/Exp Max	Max Obs/Exp Position
ATGCC	4780355	36.021885	611.6695	31
TGCCG	4880290	34.719624	577.594	32
GCCGT	4462135	31.744768	577.5362	33
CAGAC	2591665	29.93659	927.673	9
ATCTC	4847465	25.239498	422.5581	24
TCGTA	4889505	24.34473	403.78912	27
CGTAT	4868230	24.238802	403.53964	28
TCTCG	4877865	23.978329	399.80566	25
TATGC	4790485	23.851711	403.41022	30
CTCGT	4847395	23.828548	398.7034	26
GTATG	4843680	23.061602	385.04865	29
AAAAA	1772970	22.253773	91.61488	29
ACTGA	2700710	20.612715	612.98505	12
TCAGA	2629365	20.068186	614.6653	8
AGACT	2623365	20.022392	612.91583	10
ATCAG	2601715	19.857151	612.92615	7
GACTG	2740770	19.749353	578.7212	11
ACATC	2256875	18.013197	521.90717	22
TGACA	2169445	16.557924	507.36542	20
GACAT	2107880	16.08804	497.27948	21
CCGTC	2006745	14.929582	241.86203	33
TATCA	2584060	13.6276045	423.5715	6
CTGAT	2676520	13.32633	399.88358	13
TGATG	2772205	13.19895	382.0421	14
CATCT	2514380	13.091727	359.13324	23
GCTTA	2574755	12.819645	399.46613	3
AGCTT	2540505	12.649115	399.41983	2
GATGT	2599740	12.377816	381.23077	15
GTTGA	2596850	12.364055	380.80997	18
TAGCT	2458955	12.243078	399.35184	1
TTGAC	2292470	11.414154	350.11047	19
TTATC	3059855	10.526903	276.32736	5
CTTAT	2585345	8.894433	276.30606	4
ATGTT	2676980	8.806815	263.35632	16
TGTTG	2604380	8.089118	248.36522	17
GGTAG	774225	5.3348413	117.83553	4
CGTCT	1025025	5.038759	59.348682	33
AGGTA	597650	4.3619246	123.539536	3
TGAGG	561670	3.8702188	118.110855	1
AGTAG	522430	3.8129344	122.10996	7
GAGGT	538185	3.7083943	116.74357	2
GAATC	475800	3.6314635	52.457016	21
GTAGA	480315	3.50556	38.791748	8
GATCT	695275	3.4617581	30.464045	21
AATCT	617815	3.2581825	41.723072	22
GAAAA	271085	3.2124093	70.896385	24
TATCT	866235	2.9801319	51.91853	22
TAGTA	568495	2.8669333	83.36257	6
TGAAA	370460	2.8638446	46.26465	23
GTAGT	549510	2.6163125	78.6996	5
GTAGG	374890	2.5832007	76.90845	8
CCGAC	222440	2.5367959	57.167698	12
AGAAC	211195	2.4709165	47.81357	13
TTGAA	487835	2.4601634	32.266235	19
TCTGC	441155	2.1686044	33.507687	17
GTCTT	658080	2.1374776	19.648054	13
ATAGT	418525	2.1106312	64.564735	17
TATAG	417880	2.1073785	64.50437	16
GTATA	412645	2.0809782	64.64984	15
GCATC	263650	1.9867083	27.666159	22
TAGAA	255740	1.9770005	34.116547	12
TCTTC	558320	1.8964092	20.549665	14
CTGCT	381185	1.8738073	30.060143	18
AGTTA	370310	1.8674822	57.863075	19
TGGAA	254910	1.8604505	28.620716	20
GGTTG	401870	1.8064365	52.14641	11
GCCGG	173495	1.7863091	49.22986	8
AGGTT	371210	1.7673953	54.67799	10
CTTCT	515915	1.7523749	20.707132	15
TAGGT	367610	1.7502551	52.93017	9
CCGGG	167240	1.7219075	49.20777	9
CTTGA	336335	1.6746039	29.987602	21
TTGTA	501630	1.6502784	45.05278	13
TTCTG	507840	1.6494905	23.956465	16
AAACA	132965	1.6477401	44.695263	4
AGATC	215675	1.6461033	17.90079	21
TCACA	197000	1.5723509	29.395018	18
GAAGC	139690	1.542989	35.193554	19
TGTAT	465000	1.529772	43.89128	14
GTTAT	450500	1.4820695	44.22398	20
TAGAT	285420	1.4393796	25.315321	9
GCTTG	305865	1.4377816	28.668434	20
GGTAA	194990	1.4231267	41.30923	12
AAGCA	121500	1.4215126	33.350803	20
TGAAT	278140	1.4026663	32.122295	20
AGCAG	125950	1.3912195	23.171118	12
AACAT	171560	1.3869162	29.077778	5
AGCAT	180835	1.3801926	22.994251	21
ACTGG	189880	1.3682312	25.658144	15
ACAGT	179065	1.3666835	13.877727	4
TGGCA	188450	1.3579272	32.878334	3
CAGCA	116520	1.3459347	24.18917	11
GGCAA	120815	1.3344994	40.80114	4
GGATC	185015	1.3331752	7.7154717	21
GGAAT	182270	1.3302903	28.898808	21
AATGA	171180	1.3233087	38.29726	15
AATAC	162495	1.3136334	40.740356	2
TAGTT	398250	1.3101757	37.879013	18
GGAAG	120855	1.2765448	36.56596	18
CACTA	159490	1.2729658	14.14773	21
CACAC	104245	1.2592291	37.46473	19
GCAGG	120285	1.2543883	21.891592	13
CTGCC	168150	1.2509855	36.957188	6
GATGG	180490	1.2436767	35.66095	18
ACTGC	162455	1.2241633	37.51838	5
CCCGA	106765	1.2175912	32.339333	11
TGATC	242600	1.2078996	19.147057	20
CCCCG	106740	1.2018461	31.863604	10
GGGTA	172760	1.1904126	32.618458	11
CGATC	157065	1.1835476	11.6824255	21
GTTGT	379445	1.1785437	35.36345	12
ATCCC	149520	1.1782342	26.375324	8
CAGGA	105870	1.1694198	23.192987	14
CTGGA	162105	1.168091	25.687916	16
ACCAC	96010	1.1597543	19.647873	14
GACCA	98730	1.1404406	18.01086	13
GAACT	149320	1.1396599	31.05786	14
ATGGA	154630	1.1285609	33.55038	19
TGCTT	344870	1.1201555	19.80959	19
TGGTA	233855	1.1134244	21.03066	9
GTAAA	142910	1.1047671	28.044285	2
CGGGT	159500	1.0850857	32.097572	10
ATGAT	211635	1.0672802	25.932705	16
AAAAC	84870	1.0517331	14.469366	31
CACTG	138275	1.0419575	5.8517804	21
TACAG	135920	1.0373865	9.243694	11
AACCG	87910	1.0154576	23.54504	10
AGGAC	91485	1.0105258	17.334146	11
CTCAC	126530	0.99707043	28.734322	17
AACTC	123910	0.9889849	29.430248	15
GCAAT	129410	0.98770005	28.613773	5
GGACC	89820	0.97953427	17.018642	12
AGGAA	87150	0.9750251	23.430418	15
GAACA	81105	0.94890356	24.097126	17
ACTCA	118455	0.94544584	29.464542	16
GTATC	187980	0.9359479	10.386348	20
ACACT	117245	0.93578833	20.538214	20
GACGA	84695	0.93552476	6.436523	13
CTATC	179560	0.9349225	21.359407	23
CATCC	118635	0.93485695	28.32178	7
TAAAC	115035	0.9299598	29.09041	3
AATGG	124910	0.91165066	27.042952	7
CAATG	119435	0.91156757	28.225895	6
AGATT	177430	0.89478374	25.329456	10
GTAAT	177345	0.8943549	24.721258	13
TACTG	177390	0.88322055	25.17492	4
CACAG	75315	0.86997133	20.795431	3
GAAAT	112095	0.8665516	12.061799	2
CACCC	72045	0.8592163	24.381317	1
CGACC	75045	0.85584354	23.36455	13
GAACC	73875	0.8533379	23.633915	9
TAATA	159070	0.8496815	26.913603	1
CTCAG	112600	0.848486	15.714243	4
ATACT	160200	0.84484977	26.600826	3
ACCCG	73705	0.8405616	23.534826	2
GGAAC	75035	0.8288222	22.73927	16
GATTG	173925	0.8280872	23.961733	11
TAGGA	113000	0.824726	11.386017	10
TAATG	162555	0.81976867	24.722094	14
CGACG	75165	0.8197139	6.354779	12
AGAAT	101750	0.7865795	6.068282	12
ACCGA	68080	0.7863992	23.552664	11
GGCTA	107680	0.7759171	12.409277	9
AACAG	65010	0.76059693	18.358555	18
GACAA	64845	0.75866646	15.503709	21
CAATC	94640	0.75536704	10.744589	23
ACTAT	142790	0.75303423	20.01148	22
AAATG	96980	0.7497049	12.111249	3
CTAGA	97420	0.7435417	9.258906	18
CAAAG	62595	0.7323421	18.2908	1
TCCCC	94035	0.7315954	22.017162	9
CGACT	97020	0.7310846	21.553284	13
AGTTC	145410	0.72399306	10.5149355	7
ACTAG	93850	0.7162943	11.225757	17
ACAGA	60665	0.70976174	11.784155	19
TGACT	141675	0.7053964	15.730667	20
ATTGT	212885	0.70035595	16.504755	12
GACCT	92425	0.6964594	15.327359	14
CAGTG	96635	0.6963294	12.411654	5
CCCGT	93055	0.6923013	15.364925	3
CCACT	86065	0.6782018	12.129619	15
AGTGC	93200	0.6715777	13.458766	4
AAAAG	55315	0.6554933	7.003089	32
ATGGT	137595	0.6551137	17.66748	8
CAGTC	85075	0.6410742	6.327458	7
GCAGC	58705	0.64020884	12.760444	2
TGTAA	126330	0.63708514	18.391953	1
GCTCA	82595	0.62238634	15.827375	3
TCCGA	82005	0.6179405	5.136884	10
CTGAA	80875	0.6172648	5.6330886	6
GGCTC	86440	0.61495614	14.911468	2
CAGGG	58385	0.60886616	12.186274	13
GACTA	79125	0.60390824	15.571267	21
TGGCT	126795	0.59602606	9.94827	1
AAAGT	76850	0.59408975	14.474925	2
ACAAT	73160	0.59143615	10.699199	22
CTACA	73920	0.58999074	5.571426	4
TTGGC	124885	0.5870477	18.20387	2
GTGCA	81155	0.58478415	13.930509	14
CAGAA	49895	0.5837561	5.746275	15
AGTCC	76475	0.57626975	5.2668724	8
CCGTA	75660	0.57012844	15.532736	4
GGCAC	52220	0.5694865	9.584497	4
GTGGT	126425	0.5682902	12.683716	17
CCTTG	115350	0.56703097	10.652542	16
AGTGG	80900	0.55744606	11.888043	6
AGGGC	51880	0.541029	12.108852	14
TCAGC	71630	0.53976065	15.797285	10
ACAGG	48350	0.5340648	13.144575	12
GCACT	70235	0.5292489	8.661244	5
TGTGG	116515	0.52374387	13.49049	16
ATGGC	72560	0.5228506	5.4607224	1
TTCAC	100040	0.5208825	8.991732	1
AAAGA	43585	0.51649064	7.1163926	15
CGTAG	71070	0.512114	14.868066	5
AACAC	41720	0.51044005	10.294876	2
CTAAG	64930	0.4955673	13.11066	11
AAGTG	67465	0.4923906	14.113542	3
TCAGT	98775	0.49179834	10.495216	5
GTGTG	108055	0.48571554	13.552016	15
AGTAT	96000	0.4841303	6.93232	19
GAGGA	45550	0.4811271	6.5070434	18
GCTGT	101230	0.47585246	5.9645805	7
GGTTA	99560	0.4740225	11.642847	19
CAGAT	61820	0.47183073	7.061608	20
TGCAG	65140	0.46938375	13.899599	15
GCTAA	61275	0.46767113	13.241614	10
CAACG	39850	0.46031153	7.7172356	7
GGGCT	66860	0.45485163	9.068759	15
ATTCA	85465	0.45071834	6.3506823	4
TTAGG	93415	0.4447651	7.3839064	9
CCGCC	39280	0.4422758	8.408146	32
TGAAG	60410	0.44089994	5.5492477	7
AATGT	86840	0.43793616	7.827595	4
TTGAT	132420	0.4356396	11.605952	19
GTGAA	59345	0.4331271	8.100679	1
GAAGA	38415	0.42978302	5.0464416	19
GTACA	55765	0.42561698	9.078741	10
GCCGC	39505	0.4253513	7.949931	31
GTGGC	62335	0.42406788	12.111985	7
TTTGG	136490	0.4239335	12.067823	1
GTCGG	61280	0.41689062	8.186576	14
TGCTG	88100	0.41413224	7.179991	6
CAGTT	82460	0.4105664	10.37938	6
TTCAG	82425	0.41039214	10.441817	9
GCGAT	56330	0.40590093	10.4283905	20
GTTCA	81330	0.40494016	10.43771	8
TCGGT	85720	0.4029445	5.5512137	15
CAGGT	55755	0.40175763	11.217738	17
TGCGA	55525	0.4001003	10.328529	19
AGCTC	52350	0.3944782	5.4998975	10
CATTG	79025	0.39346358	5.917577	6
ATGAA	48715	0.37659177	7.9087567	20
TTGTG	119625	0.3715513	10.216722	13
AAACC	29445	0.36025667	6.025193	31
ACCTT	68850	0.3584842	10.579592	15
TGCAT	71755	0.35726646	6.4885926	19
ACATT	67660	0.3568198	6.3169017	2
AAACG	30370	0.35531962	9.113315	32
ACACA	28925	0.35389453	6.826725	20
CTGTC	71410	0.3510332	5.8254323	12
TGGTT	112470	0.34932813	8.299833	18
GCTAT	68205	0.3395911	5.808419	17
GTGCT	72110	0.33896795	8.944545	5
GTTTA	103005	0.33886915	5.0803504	7
AAGCT	44365	0.3386084	5.487004	9
AAAGC	28735	0.33619064	6.2384825	14
CTTGC	66640	0.32758507	9.981911	17
CGTGC	45710	0.32519257	8.9484005	13
CGGTG	47160	0.32083163	8.0014	16
TGTGT	102970	0.31982145	9.392744	14
CGCCT	42385	0.3153317	5.7089553	33
TAGAC	41030	0.31315455	5.622496	2
CAAAA	25215	0.31247145	6.434003	12
TAAGT	61360	0.3094399	8.652816	12
TAACA	38260	0.30929944	5.734057	1
AAGTT	61260	0.30893564	8.6353445	13
GTTCG	64575	0.30354813	5.901752	10
CGGAA	27230	0.30077735	5.769637	4
AACGC	25195	0.29103005	7.7629776	8
ACGGA	26280	0.29028383	5.735012	3
TGTAC	56140	0.27951974	5.8017397	9
TTTAG	84065	0.27655977	5.082522	8
TATGA	51305	0.25873232	5.958034	19
CATTC	48925	0.25473985	6.2494116	3
TGACC	33535	0.2526996	5.4216404	20
GCTCC	33895	0.25216863	5.380952	11
GCATT	50115	0.2495214	5.817349	5
CTGCA	32585	0.24554099	5.4539585	18
TCGTG	52040	0.24462476	5.896323	12
CCAAA	19925	0.24378037	6.3139377	11
AGAAG	21765	0.24350457	5.326952	16
AACGG	21795	0.2407434	5.7242155	2
CCCAA	19580	0.2365169	6.241721	10
CTATG	46630	0.23216964	5.7016425	18
TTGCG	45695	0.21479878	6.677351	18
TGTCG	45470	0.21374112	5.6109295	13
TCAAC	22535	0.17986257	5.3955994	6
ACGCT	22450	0.16916975	5.0107403	9
>>END_MODULE
