##FastQC	0.10.1
>>Basic Statistics	pass
#Measure	Value	
Filename	SRR873382.fastq	
File type	Conventional base calls	
Encoding	Sanger / Illumina 1.9	
Total Sequences	5000000	
Filtered Sequences	0	
Sequence length	37	
%GC	44	
>>END_MODULE
>>Per base sequence quality	pass
#Base	Mean	Median	Lower Quartile	Upper Quartile	10th Percentile	90th Percentile
1	37.2416272	38.0	37.0	40.0	33.0	40.0
2	36.469823	38.0	35.0	40.0	30.0	40.0
3	36.575884	38.0	36.0	40.0	30.0	40.0
4	36.91289	38.0	36.0	40.0	32.0	40.0
5	36.7645742	38.0	36.0	40.0	31.0	40.0
6	36.3775284	38.0	35.0	40.0	30.0	40.0
7	36.5499252	38.0	35.0	40.0	30.0	40.0
8	37.0338248	38.0	36.0	40.0	32.0	40.0
9	36.7430254	38.0	36.0	39.0	31.0	40.0
10	36.5040476	38.0	35.0	40.0	30.0	40.0
11	37.1184826	39.0	36.0	40.0	33.0	40.0
12	36.675052	38.0	36.0	40.0	31.0	40.0
13	37.2064238	39.0	36.0	40.0	33.0	40.0
14	37.1525816	39.0	36.0	40.0	33.0	40.0
15	36.7298918	38.0	36.0	40.0	31.0	40.0
16	36.9287534	39.0	36.0	40.0	32.0	40.0
17	37.2680816	39.0	36.0	40.0	33.0	40.0
18	36.8657494	39.0	36.0	40.0	31.0	40.0
19	37.101034	39.0	36.0	40.0	32.0	40.0
20	37.0164024	39.0	36.0	40.0	32.0	40.0
21	36.3835846	38.0	35.0	39.0	30.0	40.0
22	36.3007166	38.0	35.0	40.0	30.0	40.0
23	35.4372204	38.0	33.0	40.0	27.0	40.0
24	35.5796356	38.0	34.0	39.0	28.0	40.0
25	35.2378194	38.0	33.0	40.0	27.0	40.0
26	33.3938334	36.0	33.0	38.0	21.0	39.0
27	33.3681966	37.0	31.0	39.0	19.0	40.0
28	33.1040932	37.0	31.0	39.0	18.0	40.0
29	32.8321986	36.0	30.0	38.0	18.0	40.0
30	32.9291212	36.0	30.0	38.0	19.0	40.0
31	33.7777576	38.0	32.0	39.0	21.0	40.0
32	33.7498598	38.0	32.0	39.0	21.0	40.0
33	33.3440916	37.0	31.0	39.0	20.0	40.0
34	33.1641922	36.0	31.0	39.0	21.0	40.0
35	31.5970166	35.0	29.0	38.0	17.0	39.0
36	30.0102806	35.0	25.0	38.0	10.0	39.0
37	29.8612394	35.0	25.0	37.0	11.0	39.0
>>END_MODULE
>>Per sequence quality scores	pass
#Quality	Count
3	4.0
4	27.0
5	33.0
6	47.0
7	74.0
8	113.0
9	165.0
10	211.0
11	241.0
12	322.0
13	453.0
14	722.0
15	1085.0
16	2043.0
17	3610.0
18	5740.0
19	8474.0
20	12083.0
21	16463.0
22	22090.0
23	29235.0
24	40102.0
25	61173.0
26	80327.0
27	107369.0
28	134135.0
29	156024.0
30	161480.0
31	175421.0
32	202268.0
33	243185.0
34	295259.0
35	363218.0
36	455051.0
37	617666.0
38	794653.0
39	1009434.0
>>END_MODULE
>>Per base sequence content	fail
#Base	G	A	T	C
1	5.252171492618038	14.558049889031427	74.6750206104545	5.514758007896045
2	24.80802	55.955600000000004	15.160199999999998	4.07618
3	52.1853	25.71944	7.36106	14.7342
4	22.379959999999997	12.13892	14.756440000000001	50.72468
5	24.03236	12.03382	53.06811999999999	10.8657
6	11.71804	9.447840000000001	65.76895999999999	13.06516
7	7.7456	66.76172	18.68828	6.804399999999999
8	23.553387106774213	14.46490892981786	53.39656679313358	8.58513717027434
9	8.360579999999999	6.0665	33.7065	51.866420000000005
10	19.06260862539105	62.75812592925335	9.052112587605315	9.12715285775029
11	68.4511	8.57836	9.37018	13.60036
12	17.387418234443995	57.73013256490144	11.126715661666498	13.755733538988066
13	18.700892362498614	9.0178652500227	21.367359828607523	50.91388255887116
14	12.92868	9.00246	72.07061999999999	5.99824
15	65.50102	16.4681	6.79318	11.2377
16	9.75460241719529	56.362622894294255	26.730970272165973	7.151804416344479
17	12.23288	17.7442	62.20946000000001	7.81346
18	53.2790852465364	8.696873914998264	22.862336579738525	15.161704258726813
19	8.83994	21.70766	62.50434	6.94806
20	28.23044	10.031460000000001	55.68636	6.05174
21	53.357	9.7162	21.89596	15.030840000000001
22	11.94058	56.024379999999994	25.58076	6.45428
23	5.4402800000000004	28.439819999999997	18.24882	47.87108
24	8.74756413746315	51.2817892186619	29.410918784447844	10.559727859427106
25	3.29251317005268	12.486269945079782	59.38969755879023	24.831519326077302
26	3.872221548888619	8.865923546369418	31.174512469804988	56.08734243493697
27	10.071442585829205	8.646870904341416	52.54529087138514	28.736395638444236
28	23.878071787320835	10.026938000586174	15.244567636588066	50.85042257550493
29	49.40727801688346	15.204700477611105	26.052275105596674	9.335746399908759
30	8.400865743188595	29.1889449099978	57.54547522351262	4.864714123300987
31	9.296055822231896	54.979420393777545	30.015933889165435	5.708589894825127
32	23.424009366026667	13.38435939966682	51.68323800122877	11.508393233077744
33	49.89457059048672	8.880899680300496	10.275761079491513	30.948768649721263
34	12.938436684518473	8.517383800197447	6.872564685280405	71.67161483000368
35	23.650874071441663	6.250605298775476	11.656773783539554	58.441746846243305
36	51.47338101569636	5.623637485980925	27.234072780133882	15.668908718188831
37	7.6360986193080755	5.592505678592562	60.98205082487923	25.78934487722013
>>END_MODULE
>>Per base GC content	fail
#Base	%GC
1	10.766929500514083
2	28.8842
3	66.9195
4	73.10464
5	34.89806
6	24.7832
7	14.549999999999999
8	32.13852427704855
9	60.227
10	28.18976148314134
11	82.05145999999999
12	31.14315177343206
13	69.61477492136979
14	18.92692
15	76.73872
16	16.90640683353977
17	20.04634
18	68.44078950526321
19	15.787999999999998
20	34.282180000000004
21	68.38784
22	18.394859999999998
23	53.31135999999999
24	19.307291996890257
25	28.124032496129985
26	59.95956398382559
27	38.80783822427344
28	74.72849436282576
29	58.743024416792224
30	13.26557986648958
31	15.004645717057025
32	34.932402599104414
33	80.843339240208
34	84.61005151452214
35	82.09262091768497
36	67.14228973388519
37	33.4254434965282
>>END_MODULE
>>Per sequence GC content	fail
#GC Content	Count
0	405.0
1	223.0
2	41.0
3	41.0
4	27.0
5	13.0
6	13.0
7	13.5
8	14.0
9	27.5
10	41.0
11	41.0
12	80.0
13	119.0
14	119.0
15	321.5
16	524.0
17	524.0
18	799.5
19	1075.0
20	2133.0
21	3191.0
22	3191.0
23	4175.5
24	5160.0
25	5160.0
26	6952.5
27	8745.0
28	11472.5
29	14200.0
30	14200.0
31	70310.0
32	126420.0
33	126420.0
34	113232.5
35	100045.0
36	125383.5
37	150722.0
38	150722.0
39	272692.5
40	394663.0
41	394663.0
42	1495546.5
43	2596430.0
44	2596430.0
45	1636645.0
46	676860.0
47	518032.0
48	359204.0
49	359204.0
50	320177.0
51	281150.0
52	281150.0
53	206426.5
54	131703.0
55	97708.5
56	63714.0
57	63714.0
58	58226.5
59	52739.0
60	52739.0
61	33695.0
62	14651.0
63	14651.0
64	11737.5
65	8824.0
66	6153.0
67	3482.0
68	3482.0
69	2745.0
70	2008.0
71	2008.0
72	1579.5
73	1151.0
74	1337.5
75	1524.0
76	1524.0
77	1113.0
78	702.0
79	702.0
80	462.5
81	223.0
82	160.5
83	98.0
84	98.0
85	94.0
86	90.0
87	90.0
88	59.0
89	28.0
90	28.0
91	23.0
92	18.0
93	14.5
94	11.0
95	11.0
96	10.0
97	9.0
98	9.0
99	6.0
100	3.0
>>END_MODULE
>>Per base N content	pass
#Base	N-Count
1	0.26906
2	0.0
3	0.0
4	0.0
5	0.0
6	0.0
7	0.0
8	1.9999999999999998E-4
9	0.0
10	3.5999999999999997E-4
11	0.0
12	6.8E-4
13	2.8E-4
14	0.0
15	0.0
16	0.0014600000000000001
17	0.0
18	1.5999999999999999E-4
19	0.0
20	0.0
21	0.0
22	0.0
23	0.0
24	0.00462
25	3.9999999999999996E-4
26	3.9999999999999996E-5
27	8.2E-4
28	0.0297
29	0.0442
30	0.025779999999999997
31	0.03696
32	0.030180000000000002
33	0.03738
34	0.04372
35	0.049359999999999994
36	0.046900000000000004
37	0.05446
>>END_MODULE
>>Sequence Length Distribution	pass
#Length	Count
37	5000000.0
>>END_MODULE
>>Sequence Duplication Levels	fail
#Total Duplicate Percentage	95.50906689699912
#Duplication Level	Relative count
1	100.0
2	13.540717365578965
3	5.6713230593452035
4	3.2188957956446633
5	2.10761843877093
6	1.5308967749833375
7	1.0813531196017356
8	0.8467198955372081
9	0.6943783239706742
10++	7.327357553829622
>>END_MODULE
>>Overrepresented sequences	fail
#Sequence	Count	Percentage	Possible Source
TAGCTTATCAGACTGATGTTGACATCTCGTATGCCGT	1743678	34.87356	No Hit
TGAGGTAGTAGGTTGTATAGTTATCTCGTATGCCGTC	222038	4.44076	No Hit
TGAGGTAGTAGATTGTATAGTTATCTCGTATGCCGTC	175031	3.50062	No Hit
TAGCTTATCAGACTGATGTTGAATCTCGTATGCCGTC	135525	2.7105	No Hit
TAATACTGCCGGGTAATGATGGAATCTCGTATGCCGT	112612	2.25224	No Hit
ATCTCGTATGCCGTCTTCTGCTTGAAAAAAAAAAAAA	97052	1.94104	Illumina Single End Adapter 1 (95% over 24bp)
AGCTTATCAGACTGATGTTGACATCTCGTATGCCGTC	69141	1.3828200000000002	No Hit
TGAGGTAGTAGGTTGTGTGGTTATCTCGTATGCCGTC	58382	1.16764	No Hit
AGCAGCATTGTACAGGGCTATGAATCTCGTATGCCGT	54341	1.08682	No Hit
TAGCTTATCAGACTGATGTTGATCTCGTATGCCGTCT	52858	1.05716	No Hit
TAGCTTATCAGACTGATGTTGACAATCTCGTATGCCG	46779	0.93558	No Hit
TAGCTTATCAGACTGATGTTGACTATCTCGTATGCCG	44607	0.8921399999999999	No Hit
ATCTCGTATGCCGTCTTCTGCTTGAAAAAAAAAACGT	37385	0.7477	Illumina Single End Adapter 1 (95% over 24bp)
TGGCTCAGTTCAGCAGGAACAGATCTCGTATGCCGTC	30364	0.6072799999999999	No Hit
TTTGGCAATGGTAGAACTCACACTATCTCGTATGCCG	30164	0.6032799999999999	No Hit
TTCACAGTGGCTAAGTTCTGCATCTCGTATGCCGTCT	27469	0.54938	No Hit
CAAAGTGCTGTTCGTGCAGGTAGATCTCGTATGCCGT	25593	0.51186	No Hit
TAACACTGTCTGGTAAAGATGGCATCTCGTATGCCGT	25484	0.50968	No Hit
TGAAATGTTTAGGACCACTAGATCTCGTATGCCGTCT	25226	0.50452	No Hit
TGTAAACATCCCCGACTGGAAGCATCTCGTATGCCGT	24036	0.48072000000000004	No Hit
CGGATCTCGTATGCCGTCTTCTGCTTGAAAAAAAAAA	23870	0.47739999999999994	Illumina Paired End PCR Primer 2 (96% over 27bp)
TGAGGTAGTAGGTTGTATAGTATCTCGTATGCCGTCT	18989	0.37978	RNA PCR Primer, Index 44 (95% over 22bp)
CACCCGTAGAACCGACCTTGCGATCTCGTATGCCGTC	18318	0.36636	No Hit
GTGAAATGTTTAGGACCACTAGATCTCGTATGCCGTC	17965	0.3593	No Hit
CAACGGAATCCCAAAAGCAGCTGATCTCGTATGCCGT	17825	0.3565	No Hit
TGGCTCAGTTCAGCAGGAACAGTATCTCGTATGCCGT	15421	0.30842	No Hit
TGAGGTAGTAGATTGTATAGTATCTCGTATGCCGTCT	14651	0.29302	RNA PCR Primer, Index 44 (95% over 22bp)
GCTTATCAGACTGATGTTGACATCTCGTATGCCGTCT	14507	0.29014	No Hit
ATCTCGTATGCCGTCTTCTGCTTGAAAAAAAAAAAGT	14446	0.28892	Illumina Single End Adapter 1 (95% over 24bp)
ATCTCGTATGCCGTCTTCTGCTTGAAAAAAAAAAAGA	13010	0.2602	Illumina Single End Adapter 1 (95% over 24bp)
TGAGGTAGTAGTTTGTACAGTTATCTCGTATGCCGTC	12987	0.25974	RNA PCR Primer, Index 5 (95% over 21bp)
TGAGGTAGTAGGTTGTGTGGTATCTCGTATGCCGTCT	12803	0.25606	No Hit
TTTGGCAATGGTAGAACTCACACTGATCTCGTATGCC	12013	0.24026	No Hit
TAAAGTGCTTATAGTGCAGGTAGATCTCGTATGCCGT	11613	0.23226000000000002	No Hit
TGAGGTAGTAGGTTGTATGGTTATCTCGTATGCCGTC	11121	0.22242	No Hit
TGAGGTAGGAGGTTGTATAGTTATCTCGTATGCCGTC	10937	0.21874	No Hit
AAAAATTTCGGTTGGGATCTCGTATGCCGTCTTCTGC	10665	0.2133	RNA PCR Primer, Index 34 (96% over 25bp)
TTATCAGACTGATGTTGACATCTCGTATGCCGTCTTC	10647	0.21294000000000002	RNA PCR Primer, Index 41 (95% over 22bp)
ATGGCACTGGTAGAATTCACTGATCTCGTATGCCGTC	10612	0.21223999999999998	No Hit
TAATACTGCCGGGTAATGATGGATCTCGTATGCCGTC	10583	0.21166000000000001	No Hit
ATCAGACTGATGTTGACATCTCGTATGCCGTCTTCTG	10015	0.2003	RNA PCR Primer, Index 41 (95% over 24bp)
TTCACAGTGGCTAAGTTCCGCATCTCGTATGCCGTCT	9525	0.1905	RNA PCR Primer, Index 18 (95% over 22bp)
TGTAAACATCCTTGACTGGAAGCATCTCGTATGCCGT	8941	0.17882	No Hit
TGGATCTCGTATGCCGTCTTCTGCTTGAAAAAAAAAA	8687	0.17374	Illumina PCR Primer Index 2 (96% over 27bp)
TATGGCACTGGTAGAATTCACTGATCTCGTATGCCGT	8656	0.17312	No Hit
AACATTCAACGCTGTCGGTGAGTATCTCGTATGCCGT	8577	0.17154	No Hit
TAGCTTATCAGACTGATGTTGACCATCTCGTATGCCG	8573	0.17146	No Hit
ATCTCGTATGCCGTCTTCTGCTTGAAAAAAAAAAAAC	8562	0.17124	Illumina Single End Adapter 1 (95% over 24bp)
TAAAGTGCTGACAGTGCAGATAATCTCGTATGCCGTC	8556	0.17112	Illumina PCR Primer Index 7 (95% over 21bp)
TTTGGCAATGGTAGAACTCACACATCTCGTATGCCGT	8274	0.16548000000000002	No Hit
TGGCTCAGTTCAGCAGGAACATCTCGTATGCCGTCTT	8059	0.16118	RNA PCR Primer, Index 7 (95% over 21bp)
TTCACAGTGGCTAAGTTCTGATCTCGTATGCCGTCTT	7885	0.1577	Illumina PCR Primer Index 9 (95% over 21bp)
TTTGGCAATGGTAGAACTCACACTGGATCTCGTATGC	7619	0.15238000000000002	No Hit
TGAGGTAGTAGGTTGTATAGTTAATCTCGTATGCCGT	7616	0.15231999999999998	No Hit
ATCTCGTATGCCGTCTTCTGCTTGAAAAAAAAAAGTC	7603	0.15206	Illumina Single End Adapter 1 (95% over 24bp)
TGAGGTAGTAGGTTGTGTGGTTTATCTCGTATGCCGT	7576	0.15152	No Hit
TAGCTTATCAGACTGATGTTGATCTCGTATGCCGCCT	7453	0.14906	No Hit
TAGCTTATCAGACTGATGTTGACTTTCTCGTATGCCG	7121	0.14242	No Hit
TTTGGCACTAGCACATTTTTGCTATCTCGTATGCCGT	6775	0.1355	No Hit
AGAGGTAGTAGGTTGCATAGTTATCTCGTATGCCGTC	6694	0.13388	No Hit
TGAGGTAGTAGATTGTATAGTTAATCTCGTATGCCGT	6598	0.13196	No Hit
ATCTCGTATGCCGTCTTCTGCTTGAAAAAAAAAAAAT	6523	0.13046	Illumina Single End Adapter 1 (95% over 24bp)
ACTGGACTTGGAGTCAGAAGGCATCTCGTATGCCGTC	6090	0.12179999999999999	No Hit
TATGGCACTGGTAGAATTCACTATCTCGTATGCCGTC	5898	0.11796000000000001	No Hit
CTAGACTGAAGCTCCTTGAGGATCTCGTATGCCGTCT	5889	0.11778	RNA PCR Primer, Index 26 (95% over 21bp)
CACCCGTAGAACCGACCTTGCATCTCGTATGCCGTCT	5875	0.11750000000000001	TruSeq Adapter, Index 8 (95% over 21bp)
TAGCTTATCAGACTGATGTTGACATTCTCGTATGCCG	5806	0.11612	No Hit
ATCTCGTATGCCGTCTTCTGCTTGAAAAAAAAAACCG	5767	0.11534	Illumina Single End Adapter 1 (95% over 24bp)
NAGCTTATCAGACTGATGTTGACATCTCGTATGCCGT	5195	0.10389999999999999	No Hit
GTAGGTTGTATAGTTATCTCGTATGCCGTCTTCTGCT	5116	0.10232	RNA PCR Primer, Index 38 (96% over 27bp)
>>END_MODULE
>>Kmer Content	fail
#Sequence	Count	Obs/Exp Overall	Obs/Exp Max	Max Obs/Exp Position
ATGCC	4796300	37.35371	597.4373	31
TGCCG	4891470	37.082882	582.07904	32
AAAAA	3289790	35.40867	128.12639	29
GCCGT	4483345	33.98883	582.9233	33
CAGAC	2383675	27.604584	849.887	9
ATCTC	4807880	25.868282	412.3546	24
TCTCG	4865950	25.485212	401.66077	25
CTCGT	4845730	25.379313	400.91302	26
TCGTA	4870170	24.261728	381.4899	27
CGTAT	4853755	24.179955	381.16022	28
TATGC	4810065	23.962301	381.51282	30
GTATG	4843445	22.340641	352.5412	29
ACTGA	2467840	18.281061	543.4961	12
TCAGA	2417535	17.908415	545.42426	8
AGACT	2412415	17.870487	543.4212	10
ATCAG	2392870	17.725704	543.5238	7
GACTG	2455830	17.708809	528.99457	11
CCGTC	2156880	17.660233	279.7868	33
ACATC	2046705	16.3748	483.04584	22
TGACA	2056100	15.231008	462.0215	20
GACAT	1978540	14.656464	449.75443	21
CATCT	2287950	12.310069	338.5678	23
CTGAT	2463350	12.271672	365.51572	13
TATCA	2371730	12.137692	375.5827	6
TGATG	2565075	11.831542	338.01294	14
GCTTA	2367940	11.796368	365.0831	3
AGCTT	2326260	11.58873	364.9721	2
TAGCT	2245045	11.184142	364.93002	1
GTTGA	2395825	11.050866	336.8692	18
GATGT	2395430	11.049044	337.42316	15
TTGAC	2157840	10.749712	328.04016	19
TTATC	2998335	10.319159	252.55615	5
CTTAT	2382435	8.199458	252.4568	4
ATGTT	2453055	7.81691	233.06932	16
TGTTG	2397620	7.437292	226.55986	17
CGTCT	1128340	5.9096346	54.413982	33
GGTAG	850475	5.678273	143.63309	4
AGGTA	720105	4.9390545	146.79695	3
TGAGG	690590	4.6107864	145.23476	1
GAGGT	683780	4.5653186	143.14943	2
GAAAA	429205	4.4968963	94.15476	24
AGTAG	654120	4.4864764	144.21997	7
AATCT	711030	3.6388056	40.21539	23
TGAAA	496000	3.4948056	63.32843	23
GAATC	471680	3.4940715	46.688385	22
TATCT	967345	3.3292432	65.87548	22
TAGTA	700415	3.3188684	98.432045	6
GTAGT	685925	3.1638644	95.85346	5
GTAGA	448945	3.079223	49.719063	8
TCTGC	584490	3.0612423	53.932224	17
GATCT	604280	3.0103414	22.502522	22
GTAGG	441300	2.9463792	87.42921	8
TTGAA	594605	2.8174946	42.581425	22
GTCTT	810720	2.7160747	30.737492	13
CTGCT	505070	2.6452835	48.655033	18
TCTTC	721230	2.609642	33.202225	14
ATAGT	549250	2.6025832	79.76444	17
TATAG	544955	2.5822315	79.03642	16
GTATA	535990	2.5397518	79.11069	15
CTTCT	680135	2.4609473	33.510223	15
AGTTA	495460	2.3477027	73.50391	19
CTTGA	461565	2.2993784	45.235157	21
GGTTG	502780	2.2574906	62.335255	11
TTCTG	664415	2.2259235	36.035324	16
TTGTA	686175	2.1865664	56.962727	13
GCTTG	448600	2.1754224	44.930836	20
AGGTT	457360	2.1095965	62.936287	10
TAGGT	422900	1.9506481	60.146828	9
TGTAT	590670	1.8822302	55.13496	14
GTTAT	582240	1.8553671	55.955	20
AGCAG	172210	1.8465292	24.52151	12
GCCGG	164615	1.8064127	49.576664	8
CAGCA	155000	1.7950057	26.435814	11
CCGGG	157710	1.7306403	49.596672	9
GCATC	215555	1.6787479	20.082533	22
TAGTT	525485	1.6745116	49.254494	18
TGCTT	486925	1.6312965	31.025944	19
TAGAT	333405	1.5798165	33.551407	9
AAAAC	131000	1.4823672	27.849064	31
AGAAC	132705	1.4617679	31.297897	13
AGATC	195165	1.4457269	15.902525	21
GGTAA	202410	1.3882892	41.10151	12
GTTGT	443990	1.3772339	41.707188	12
TCACA	169920	1.3594562	18.94026	18
TGGAA	196220	1.3458333	26.913588	20
CTGCC	164330	1.3455112	38.83079	6
GGATC	185195	1.3354275	9.472171	2
GCAGG	126790	1.323395	23.823471	13
GATGG	191780	1.2804363	36.423786	18
TGAAT	269755	1.2782154	24.62336	20
GGAAT	184300	1.2640765	26.952194	21
ACAGT	170550	1.2633862	13.906213	4
CCGAC	100810	1.2273849	25.475668	12
ACTGC	156305	1.2173074	36.996178	5
AATAC	159900	1.2168194	36.888	2
AATGA	170435	1.2008814	33.325306	15
TAGAA	163565	1.1524755	21.224344	12
TGGCA	158130	1.1402638	23.614408	3
AGCAT	152235	1.1277137	15.823507	4
GCAGC	99565	1.1223997	24.19357	2
GGGTA	166815	1.1137555	29.983059	11
AGATT	233370	1.1058074	33.523262	10
GATTG	239525	1.1048213	32.68894	11
TACAG	145850	1.0804155	16.047245	11
GGCTA	147625	1.064513	15.377255	16
CGGGT	151085	1.0605206	31.46802	10
CACTG	134750	1.0494366	9.485112	4
AAAAG	98910	1.0363069	12.21415	32
ATGAT	213910	1.0135977	23.180483	16
ATGGA	147570	1.0121528	30.179907	19
CAGGA	93005	0.99725014	24.51608	14
CAGGG	95415	0.9959124	22.353014	13
AAACA	87790	0.9934123	19.788528	4
ATTGT	308255	0.98228586	22.527939	12
TGATC	195380	0.97332466	12.235343	20
CACTA	121605	0.97290885	9.109314	16
CACAG	82050	0.95019495	21.906132	3
ACCAC	75420	0.9433156	15.084721	14
GAACA	85445	0.9411911	24.628712	17
GACAA	85445	0.9411911	18.287996	21
TGGTA	202825	0.93554074	14.044684	9
GACCA	79590	0.92170644	13.470224	13
AGGAA	90315	0.9211167	23.251598	15
CACAC	73475	0.9189885	26.488028	19
AGGGC	87330	0.91152376	22.292751	14
GTATC	179870	0.8960585	11.206417	20
GTAAA	125290	0.8827907	12.280999	2
CAATC	110020	0.8802223	13.569393	23
GGCAA	81905	0.87823004	25.48141	4
TACTG	175145	0.8725199	24.209055	4
ACACT	108425	0.8674614	14.854855	20
ACTGG	118000	0.8508893	11.924005	15
GGAAC	78960	0.8466521	24.040266	16
AAGCA	76585	0.84359676	13.41428	20
GTAAT	177720	0.8421139	22.298758	13
ACAGG	76970	0.8253142	23.171883	12
AGTGC	113150	0.8159162	14.205296	4
CGATC	104275	0.81209636	6.5036006	21
CAGTG	112130	0.8085611	13.266762	5
ATACT	157935	0.8082567	24.836782	3
CTATC	148730	0.8002258	15.5232725	23
CTCAG	102455	0.7979222	17.671368	4
GAAGC	73870	0.79207426	15.765345	19
GGACC	70085	0.79007065	13.14778	12
ATCCC	93780	0.7888128	16.05119	8
AACAG	69515	0.7657194	19.597214	18
AACAT	100585	0.76543957	13.221195	5
GAACT	103255	0.76488376	20.951342	14
AGGAC	71030	0.76162225	12.593981	11
TAATG	160130	0.7587649	22.324553	14
AGTTC	150535	0.7499201	11.429449	7
TAATA	153965	0.74946237	23.573442	1
GCTCA	95990	0.74757266	17.911594	3
CTCAC	88505	0.7444432	19.736427	17
ACAGA	67520	0.74374425	12.901236	19
AAAGA	70110	0.7345613	11.450487	15
GAAAT	102415	0.7216139	8.2315	2
GGGCT	102720	0.7210291	16.59103	15
CAAAA	63300	0.71628886	9.296211	12
CTGGA	97315	0.7017313	11.9073515	16
GTACA	94580	0.7006219	15.965404	10
GGCTC	92190	0.6989046	17.349472	2
GTGCA	95920	0.691672	14.915711	14
AAACG	62415	0.68751174	19.684534	32
GCAAT	91660	0.6789913	18.420229	5
TAGGA	98815	0.67775214	7.9721737	10
TGGCT	138645	0.6723393	11.197562	1
AACAC	56110	0.6675253	16.322098	2
GGAAG	67105	0.66621804	15.779611	18
AAAGT	93700	0.6602082	13.901263	2
AACTC	81090	0.6487659	18.922085	15
ACTCA	78975	0.6318447	18.997314	16
ACAAT	82480	0.6276627	12.636853	22
TCAGC	79030	0.6154877	17.788439	10
CAATG	81870	0.6064698	17.661413	6
TGACT	120595	0.60076815	14.047469	20
GTGGT	132070	0.5929965	13.555938	17
AACCG	50565	0.58557725	10.228187	10
ATGGC	80915	0.58347213	7.495184	19
CCCCG	45550	0.5830538	14.664883	10
ACTAG	78600	0.58224654	7.903827	17
AAATG	81320	0.572979	8.297752	3
AATGG	83510	0.5727782	16.34816	7
CAAAG	51590	0.56827253	14.42648	1
CCACT	66855	0.56233823	9.629709	15
GGCAC	49705	0.5603262	10.320863	4
ACTAT	108685	0.55621225	13.309729	22
AGTGG	82610	0.5515531	12.255071	6
CAGAA	49705	0.54750896	5.4459047	12
TCAGT	109595	0.5459695	11.395735	5
TGTGG	121290	0.5445941	14.113155	16
ATGAA	76360	0.5380309	13.350954	20
CAGAT	72440	0.536615	8.021491	20
CTAGA	72195	0.5348001	7.037437	18
TTCAC	98185	0.5282738	9.955028	1
TAAAG	74525	0.5251016	7.574938	14
CCCGA	42820	0.52134335	13.992915	11
GCTAT	104230	0.51924264	10.654504	17
CATCC	61595	0.5180948	14.626102	7
CTAAG	69710	0.51639193	13.577592	11
TGCAG	70570	0.5088751	14.906196	15
GACTA	68640	0.50846565	11.490929	21
CATTG	101860	0.50743604	10.73093	6
GCTAA	68090	0.50439143	13.702263	10
GCACT	64485	0.50221086	8.813201	5
GTGTG	110170	0.49466512	14.155375	15
GGTTA	106515	0.49130592	12.588957	19
CGACC	39725	0.483661	10.982361	13
CAGTT	96790	0.48217875	11.313578	6
AAGTG	68950	0.47291413	13.749204	3
TGTAC	94225	0.46940073	10.644715	9
GTGGC	66770	0.46868294	13.225831	7
AAAGC	42305	0.46599668	8.474999	14
CTGGT	95835	0.4647383	7.3796673	10
ATGGT	100305	0.46266198	11.132699	8
CAACG	39865	0.46166393	8.85739	1
CACCC	34965	0.45977682	11.64299	1
CCCGT	55795	0.4568417	7.476009	3
TAAAC	59445	0.45236915	13.226203	3
AGTAT	95095	0.45060104	7.1185513	19
ACCCG	36495	0.444335	11.130776	2
AAGAT	62815	0.44259316	7.7237167	16
GACCT	56680	0.4414253	6.8387046	14
TGTAA	92930	0.4403424	8.430224	1
GAACC	37470	0.4339282	10.274035	9
CGGAT	60085	0.43326852	6.9286113	1
TTGGC	89140	0.43227184	12.935287	2
TTCAG	86590	0.4313654	11.383509	9
GCTGT	88365	0.4285136	5.023738	7
GTTCA	85255	0.42471486	11.367051	8
GGCAT	56590	0.40806633	7.6966133	21
TGCAT	80910	0.40306938	6.0237	19
TGCTG	82125	0.3982536	6.8244443	6
CTGTC	75450	0.3951663	6.8522263	6
TTGTG	125720	0.38997683	10.998197	13
CTATG	77730	0.3872276	10.495898	18
AATCC	48200	0.3856273	6.5646195	7
CGGAA	35940	0.38536826	8.145349	4
GTGCT	79350	0.38479662	9.722674	5
CCAAA	32085	0.38170642	9.096251	11
TATGA	80495	0.38142	9.966128	19
CAGGT	52840	0.3810253	10.916284	17
TCCCC	43070	0.38087428	10.124005	9
GCATT	76115	0.3791821	10.615035	5
CGACT	48565	0.37822548	9.21677	13
ACCGA	32655	0.37816715	10.230076	11
TAACA	49655	0.37786847	9.227726	1
TGGTT	119650	0.37114805	9.187107	18
GGAGG	38220	0.3693677	5.9592657	8
CCGCC	27895	0.35706446	6.8727446	32
GCCGC	30010	0.3556722	6.330118	31
CCCAA	28280	0.35371208	9.509624	10
CCGTA	45230	0.35225242	7.112228	4
AACGT	47070	0.34868127	10.618095	33
AGGAG	34995	0.3474301	6.0612698	7
ACGGA	32065	0.34381837	8.191329	3
GTGAA	50035	0.34317994	5.859656	1
CCTTG	65010	0.3404872	5.058684	16
TTAGG	73180	0.33754656	5.321732	9
GCAGA	31440	0.33711678	5.7186503	16
ACTGT	67120	0.33437175	6.6088195	5
GTCTG	68895	0.33409658	6.3988986	8
AACGG	30935	0.3317019	8.148878	2
TGTGT	106400	0.33004725	9.819217	14
CCAGG	29005	0.3269744	5.166057	10
AATGT	68855	0.32626465	5.440339	4
CTGCA	41885	0.3262015	8.029537	18
GTCGG	45985	0.32278547	5.4631824	14
GAGGG	33260	0.32143298	5.0010877	2
TAAGT	66530	0.3152478	8.674257	12
AAGTT	65475	0.31024876	8.656236	13
TTGAT	96300	0.30686972	7.1763864	19
TTTGG	97970	0.3038978	8.323243	1
CGTGC	39090	0.29634646	7.501197	13
AGATG	42465	0.29125884	7.515016	17
GACAG	26565	0.28484437	5.156113	10
CGTAG	38920	0.28064924	6.5852056	5
TCTGG	56870	0.275783	6.344513	9
TCCCA	30570	0.2571338	6.422987	9
TGACC	32495	0.2530719	5.378099	20
GCGAT	34635	0.24975044	5.317417	20
CAGCT	30345	0.23632765	6.030503	18
GCCAG	20865	0.23521188	5.2051096	9
AACGC	20285	0.23491415	5.2688236	8
CGGTG	32110	0.22539178	5.2975965	16
TGCGA	30355	0.21888767	5.076884	19
>>END_MODULE
