##FastQC	0.10.1
>>Basic Statistics	pass
#Measure	Value	
Filename	SRR873388.fastq	
File type	Conventional base calls	
Encoding	Sanger / Illumina 1.9	
Total Sequences	5000000	
Filtered Sequences	0	
Sequence length	37	
%GC	44	
>>END_MODULE
>>Per base sequence quality	pass
#Base	Mean	Median	Lower Quartile	Upper Quartile	10th Percentile	90th Percentile
1	37.7611826	39.0	38.0	40.0	33.0	40.0
2	37.1212416	39.0	36.0	40.0	33.0	40.0
3	37.245079	39.0	37.0	40.0	33.0	40.0
4	37.4979484	39.0	38.0	40.0	33.0	40.0
5	37.3806308	39.0	38.0	40.0	33.0	40.0
6	37.0100166	39.0	36.0	40.0	31.0	40.0
7	37.2069074	39.0	36.0	40.0	33.0	40.0
8	37.550552	39.0	38.0	40.0	33.0	40.0
9	37.382878	39.0	37.0	40.0	33.0	40.0
10	37.117777	39.0	36.0	40.0	33.0	40.0
11	37.525392	39.0	38.0	40.0	33.0	40.0
12	37.216169	39.0	36.0	40.0	33.0	40.0
13	37.6438374	39.0	38.0	40.0	33.0	40.0
14	37.4492528	39.0	37.0	40.0	33.0	40.0
15	37.1147108	39.0	36.0	40.0	33.0	40.0
16	37.4036174	39.0	37.0	40.0	33.0	40.0
17	37.676468	39.0	38.0	40.0	33.0	40.0
18	37.3617614	39.0	37.0	40.0	33.0	40.0
19	37.4986254	39.0	38.0	40.0	33.0	40.0
20	37.4329412	39.0	37.0	40.0	33.0	40.0
21	37.0122114	39.0	36.0	40.0	32.0	40.0
22	36.8246596	38.0	36.0	40.0	31.0	40.0
23	36.0834162	38.0	35.0	40.0	29.0	40.0
24	36.2403414	38.0	35.0	40.0	29.0	40.0
25	36.5002648	39.0	36.0	40.0	29.0	40.0
26	35.5573294	38.0	35.0	40.0	26.0	40.0
27	34.8913544	38.0	34.0	40.0	23.0	40.0
28	34.8944588	38.0	34.0	40.0	23.0	40.0
29	34.5230676	38.0	33.0	40.0	22.0	40.0
30	34.5475156	38.0	33.0	40.0	23.0	40.0
31	34.6798736	38.0	33.0	40.0	23.0	40.0
32	34.8282262	38.0	34.0	40.0	24.0	40.0
33	34.5455024	38.0	33.0	39.0	23.0	40.0
34	34.841884	38.0	33.0	40.0	24.0	40.0
35	33.9168876	38.0	32.0	39.0	21.0	40.0
36	32.9327476	38.0	32.0	39.0	15.0	40.0
37	32.9860288	37.0	32.0	39.0	16.0	40.0
>>END_MODULE
>>Per sequence quality scores	pass
#Quality	Count
3	1.0
4	17.0
5	27.0
6	47.0
7	55.0
8	80.0
9	82.0
10	108.0
11	153.0
12	170.0
13	234.0
14	339.0
15	551.0
16	1035.0
17	1866.0
18	3086.0
19	4856.0
20	7007.0
21	9993.0
22	13888.0
23	18907.0
24	26672.0
25	41924.0
26	60813.0
27	79425.0
28	101299.0
29	121647.0
30	126393.0
31	135892.0
32	154361.0
33	183898.0
34	228707.0
35	296502.0
36	409951.0
37	604102.0
38	794849.0
39	1527398.0
40	43665.0
>>END_MODULE
>>Per base sequence content	fail
#Base	G	A	T	C
1	5.339513133609798	13.320356579892382	74.0668114027601	7.273318883737721
2	21.033010755828258	58.279611530862354	15.824732844459929	4.862644868849462
3	54.52185452185452	20.944560944560944	9.16818916818917	15.365395365395365
4	19.2998010768968	11.748943283515223	14.294122988318616	54.65713265126936
5	19.723019999999998	12.78116	55.844680000000004	11.65114
6	11.72474	10.69476	65.2017	12.3788
7	7.4671	66.02890000000001	17.9535	8.5505
8	19.5972	16.67678	55.33194	8.394079999999999
9	7.910363087746139	6.414327471108291	31.112087748539114	54.563221692606454
10	18.26556	62.24064	9.1649	10.3289
11	67.95526	8.589879999999999	8.58312	14.871739999999999
12	14.903122980624598	57.89555157911032	10.894822178964436	16.306503261300655
13	18.5591	8.22192	18.0302	55.18878
14	15.18648	7.5804	71.17648	6.05664
15	63.3008	17.6629	7.11318	11.923119999999999
16	8.63336	58.18646	23.400499999999997	9.77968
17	11.63438	13.79226	65.34546	9.2279
18	57.5655	7.073359999999999	20.85978	14.50136
19	9.21484	16.855600000000003	64.75766	9.171899999999999
20	25.941183764735058	9.990459961839846	57.63101052404209	6.437345749382997
21	56.7168	10.08572	18.04912	15.14836
22	12.276094373064245	58.38758348523376	22.443262841135954	6.893059300566041
23	4.620699999999999	24.83286	19.673959999999997	50.872479999999996
24	8.49664	50.4899	29.47452	11.53894
25	3.66372	11.57772	60.4351	24.32346
26	4.13898	7.722239999999999	29.30024	58.838539999999995
27	11.276301605276334	7.864291748256728	53.68373001656106	27.175676629905883
28	22.677136406849336	9.312676278329794	16.552686431241526	51.45750088357934
29	50.105203487087046	15.61664205351126	25.412777918129102	8.865376541272592
30	8.47009516234889	26.954830839938303	59.69127496103831	4.8837990366745005
31	10.739805144717176	55.021992433674626	28.409007255862782	5.829195165745414
32	22.09155017904477	13.276338264891042	51.87385390242785	12.758257653636337
33	50.89336103445068	9.349607239634338	9.479483734929515	30.277547990985465
34	13.9522480193367	9.411736697916888	6.72475251961658	69.91126276312983
35	21.497991501892468	9.104797989901495	12.326116876985491	57.071093631220535
36	49.93405795898331	8.367747950775811	25.507717709253708	16.190476380987167
37	7.017624567666451	8.000580845073578	61.685826820161246	23.295967767098727
>>END_MODULE
>>Per base GC content	fail
#Base	%GC
1	12.61283201734752
2	25.895655624677723
3	69.8872498872499
4	73.95693372816616
5	31.37416
6	24.103540000000002
7	16.0176
8	27.991280000000003
9	62.473584780352596
10	28.594459999999998
11	82.827
12	31.20962624192525
13	73.74788
14	21.243119999999998
15	75.22391999999999
16	18.41304
17	20.86228
18	72.06686
19	18.38674
20	32.37852951411806
21	71.86515999999999
22	19.169153673630287
23	55.493179999999995
24	20.03558
25	27.987180000000002
26	62.97752
27	38.45197823518222
28	74.13463729042869
29	58.970580028359635
30	13.353894199023392
31	16.569000310462588
32	34.84980783268111
33	81.17090902543615
34	83.86351078246653
35	78.56908513311302
36	66.12453433997048
37	30.313592334765175
>>END_MODULE
>>Per sequence GC content	fail
#GC Content	Count
0	290.0
1	157.0
2	24.0
3	24.0
4	21.0
5	18.0
6	18.0
7	14.0
8	10.0
9	8.5
10	7.0
11	7.0
12	13.0
13	19.0
14	19.0
15	22.0
16	25.0
17	25.0
18	38.5
19	52.0
20	105.0
21	158.0
22	158.0
23	497.5
24	837.0
25	837.0
26	1326.0
27	1815.0
28	4781.5
29	7748.0
30	7748.0
31	98553.0
32	189358.0
33	189358.0
34	131973.5
35	74589.0
36	74241.0
37	73893.0
38	73893.0
39	171429.5
40	268966.0
41	268966.0
42	1478273.5
43	2687581.0
44	2687581.0
45	1674220.0
46	660859.0
47	498510.5
48	336162.0
49	336162.0
50	359222.0
51	382282.0
52	382282.0
53	260994.0
54	139706.0
55	106788.0
56	73870.0
57	73870.0
58	70840.0
59	67810.0
60	67810.0
61	40535.5
62	13261.0
63	13261.0
64	10425.0
65	7589.0
66	5540.0
67	3491.0
68	3491.0
69	3001.5
70	2512.0
71	2512.0
72	2083.5
73	1655.0
74	2159.0
75	2663.0
76	2663.0
77	2332.5
78	2002.0
79	2002.0
80	1202.0
81	402.0
82	273.5
83	145.0
84	145.0
85	142.5
86	140.0
87	140.0
88	81.5
89	23.0
90	23.0
91	18.5
92	14.0
93	11.5
94	9.0
95	9.0
96	9.5
97	10.0
98	10.0
99	7.5
100	5.0
>>END_MODULE
>>Per base N content	pass
#Base	N-Count
1	0.05718
2	0.00956
3	9.999999999999999E-5
4	0.00156
5	0.0
6	0.0
7	0.0
8	0.0
9	0.01976
10	0.0
11	0.0
12	1.9999999999999998E-5
13	0.0
14	0.0
15	0.0
16	0.0
17	0.0
18	0.0
19	0.0
20	3.9999999999999996E-4
21	0.0
22	2.8E-4
23	0.0
24	0.0
25	0.0
26	0.0
27	0.018459999999999997
28	0.00898
29	0.01282
30	0.01718
31	0.02016
32	0.01942
33	0.0281
34	0.028439999999999997
35	0.024800000000000003
36	0.01826
37	0.00776
>>END_MODULE
>>Sequence Length Distribution	pass
#Length	Count
37	5000000.0
>>END_MODULE
>>Sequence Duplication Levels	fail
#Total Duplicate Percentage	96.66246655689226
#Duplication Level	Relative count
1	100.0
2	12.37403420722446
3	4.882123753549495
4	2.790068018226243
5	1.7810209337647758
6	1.3095159479627552
7	0.9548966519183781
8	0.7455590041603382
9	0.6194281186026547
10++	6.617579079442646
>>END_MODULE
>>Overrepresented sequences	fail
#Sequence	Count	Percentage	Possible Source
TAGCTTATCAGACTGATGTTGACATCTCGTATGCCGT	1821584	36.43168	No Hit
TAGCTTATCAGACTGATGTTGAATCTCGTATGCCGTC	180191	3.60382	No Hit
TGAGGTAGTAGGTTGTATAGTTATCTCGTATGCCGTC	168995	3.3799	No Hit
ATCTCGTATGCCGTCTTCTGCTTGAAAAAAAAAAAAA	164006	3.28012	Illumina Single End Adapter 1 (95% over 24bp)
TGAGGTAGTAGATTGTATAGTTATCTCGTATGCCGTC	117113	2.34226	No Hit
TAATACTGCCGGGTAATGATGGAATCTCGTATGCCGT	105464	2.10928	No Hit
TAGCTTATCAGACTGATGTTGATCTCGTATGCCGTCT	100581	2.01162	No Hit
AGCTTATCAGACTGATGTTGACATCTCGTATGCCGTC	72022	1.44044	No Hit
TGTAAACATCCCCGACTGGAAGCATCTCGTATGCCGT	60813	1.2162600000000001	No Hit
TAGCTTATCAGACTGATGTTGACTATCTCGTATGCCG	56306	1.12612	No Hit
TTTGGCAATGGTAGAACTCACACTATCTCGTATGCCG	48872	0.9774400000000001	No Hit
TGAGGTAGTAGGTTGTGTGGTTATCTCGTATGCCGTC	48113	0.96226	No Hit
TAGCTTATCAGACTGATGTTGACAATCTCGTATGCCG	37014	0.74028	No Hit
CACCCGTAGAACCGACCTTGCGATCTCGTATGCCGTC	36067	0.72134	No Hit
TGAAATGTTTAGGACCACTAGATCTCGTATGCCGTCT	35252	0.70504	No Hit
CAAAGTGCTGTTCGTGCAGGTAGATCTCGTATGCCGT	31585	0.6316999999999999	No Hit
AGCAGCATTGTACAGGGCTATGAATCTCGTATGCCGT	26424	0.5284800000000001	No Hit
TGGCTCAGTTCAGCAGGAACAGATCTCGTATGCCGTC	25567	0.51134	No Hit
GTGAAATGTTTAGGACCACTAGATCTCGTATGCCGTC	24385	0.4877	No Hit
TTCACAGTGGCTAAGTTCTGCATCTCGTATGCCGTCT	17784	0.35568	No Hit
TGAGGTAGTAGGTTGTATAGTATCTCGTATGCCGTCT	17340	0.3468	RNA PCR Primer, Index 44 (95% over 22bp)
TAATACTGCCGGGTAATGATGGATCTCGTATGCCGTC	17198	0.34396	No Hit
CGGATCTCGTATGCCGTCTTCTGCTTGAAAAAAAAAA	16476	0.32952	Illumina Paired End PCR Primer 2 (96% over 27bp)
TTTGGCAATGGTAGAACTCACACATCTCGTATGCCGT	15460	0.30920000000000003	No Hit
CACCCGTAGAACCGACCTTGCATCTCGTATGCCGTCT	15021	0.30041999999999996	TruSeq Adapter, Index 8 (95% over 21bp)
ATCTCGTATGCCGTCTTCTGCTTGAAAAAAAAAAAAT	14460	0.2892	Illumina Single End Adapter 1 (95% over 24bp)
GCTTATCAGACTGATGTTGACATCTCGTATGCCGTCT	14450	0.28900000000000003	No Hit
TGGCTCAGTTCAGCAGGAACAGTATCTCGTATGCCGT	14363	0.28726	No Hit
TAACACTGTCTGGTAAAGATGGCATCTCGTATGCCGT	13954	0.27908	No Hit
TGTAAACATCCTTGACTGGAAGCATCTCGTATGCCGT	13682	0.27364	No Hit
TTCACAGTGGCTAAGTTCTGATCTCGTATGCCGTCTT	13604	0.27208000000000004	Illumina PCR Primer Index 9 (95% over 21bp)
TGAGGTAGTAGATTGTATAGTATCTCGTATGCCGTCT	13185	0.2637	RNA PCR Primer, Index 44 (95% over 22bp)
ATGGCACTGGTAGAATTCACTGATCTCGTATGCCGTC	12954	0.25908	No Hit
TTTGGCAATGGTAGAACTCACACTGATCTCGTATGCC	12762	0.25523999999999997	No Hit
AACATTCAACGCTGTCGGTGAGTATCTCGTATGCCGT	12352	0.24704	No Hit
ATCTCGTATGCCGTCTTCTGCTTGAAAAAAAAAAAGT	12338	0.24675999999999998	Illumina Single End Adapter 1 (95% over 24bp)
ATCTCGTATGCCGTCTTCTGCTTGAAAAAAAAAAAAC	12111	0.24222	Illumina Single End Adapter 1 (95% over 24bp)
TGAGGTAGTAGGTTGTGTGGTATCTCGTATGCCGTCT	12045	0.2409	No Hit
GTTCTACAGTCCGACGATCATCTCGTATGCCGTCTTC	11499	0.22998	Illumina PCR Primer Index 7 (95% over 23bp)
TTCACAGTGGCTAAGTTCCGCATCTCGTATGCCGTCT	10556	0.21112	RNA PCR Primer, Index 18 (95% over 22bp)
TTTGGCAATGGTAGAACTCACAATCTCGTATGCCGTC	10438	0.20875999999999997	RNA PCR Primer, Index 40 (95% over 21bp)
TATGGCACTGGTAGAATTCACTGATCTCGTATGCCGT	10425	0.20850000000000002	No Hit
GACGATCATCTCGTATGCCGTCTTCTGCTTGAAAAAA	9961	0.19922	Illumina PCR Primer Index 7 (96% over 29bp)
CTAGACTGAAGCTCCTTGAGGATCTCGTATGCCGTCT	9910	0.1982	RNA PCR Primer, Index 26 (95% over 21bp)
CAACGGAATCCCAAAAGCAGCTGATCTCGTATGCCGT	9882	0.19764	No Hit
TGGCTCAGTTCAGCAGGAACATCTCGTATGCCGTCTT	9152	0.18304	RNA PCR Primer, Index 7 (95% over 21bp)
TGAGGTAGTAGGTTGTATGGTTATCTCGTATGCCGTC	8696	0.17392	No Hit
TTATCAGACTGATGTTGACATCTCGTATGCCGTCTTC	8628	0.17256000000000002	RNA PCR Primer, Index 41 (95% over 22bp)
ATCTCGTATGCCGTCTTCTGCTTGAAAAAAAAAAAGA	8494	0.16988	Illumina Single End Adapter 1 (95% over 24bp)
TAGCTTATCAGACTGATGTTGACCATCTCGTATGCCG	7940	0.1588	No Hit
TGAAATGTTTAGGACCACTAGTATCTCGTATGCCGTC	7768	0.15536	No Hit
TAGCTTATCAGACTGATGTTGACTCTCGTATGCCGTC	7675	0.1535	No Hit
TGAGGTAGTAGTTTGTACAGTTATCTCGTATGCCGTC	7612	0.15224	RNA PCR Primer, Index 5 (95% over 21bp)
CTACAGTCCGACGATCATCTCGTATGCCGTCTTCTGC	7610	0.1522	Illumina PCR Primer Index 7 (96% over 26bp)
ATCAGACTGATGTTGACATCTCGTATGCCGTCTTCTG	7481	0.14962	RNA PCR Primer, Index 41 (95% over 24bp)
TGTAAACATCCCCGACTGGAAGATCTCGTATGCCGTC	7162	0.14323999999999998	RNA PCR Primer, Index 47 (95% over 23bp)
TAAAGTGCTTATAGTGCAGGTAGATCTCGTATGCCGT	7111	0.14221999999999999	No Hit
AGCTTATCAGACTGATGTTGAATCTCGTATGCCGTCT	6805	0.1361	Illumina PCR Primer Index 8 (95% over 21bp)
CGACGATCATCTCGTATGCCGTCTTCTGCTTGAAAAA	6587	0.13174	Illumina PCR Primer Index 7 (100% over 28bp)
CAGAGTTCTACAGTCCGACGATCATCTCGTATGCCGT	6521	0.13041999999999998	Illumina DpnII expression Sequencing Primer (100% over 23bp)
AGAGTTCTACAGTCCGACGATCATCTCGTATGCCGTC	6266	0.12532000000000001	Illumina DpnII expression Sequencing Primer (100% over 22bp)
AACATTCATTGCTGTCGGTGGATCTCGTATGCCGTCT	6147	0.12294000000000001	No Hit
TGGATCTCGTATGCCGTCTTCTGCTTGAAAAAAAAAA	6118	0.12236	Illumina PCR Primer Index 2 (96% over 27bp)
ATCTCGTATGCCGTCTTCTGCTTGAAAAAAAAAACGT	6045	0.12090000000000001	Illumina Single End Adapter 1 (95% over 24bp)
AGTTCTACAGTCCGACGATCATCTCGTATGCCGTCTT	6014	0.12028	Illumina PCR Primer Index 7 (95% over 22bp)
TTTGGCAATGGTAGAACTCACACTGGATCTCGTATGC	5985	0.11969999999999999	No Hit
AAAAATTTCGGTTGGGATCTCGTATGCCGTCTTCTGC	5980	0.1196	RNA PCR Primer, Index 34 (96% over 25bp)
ACTGGACTTGGAGTCAGAAGGCATCTCGTATGCCGTC	5965	0.1193	No Hit
GTAGGTTGTATAGTTATCTCGTATGCCGTCTTCTGCT	5866	0.11732	RNA PCR Primer, Index 38 (96% over 27bp)
TAAAGTGCTGACAGTGCAGATAATCTCGTATGCCGTC	5721	0.11442	Illumina PCR Primer Index 7 (95% over 21bp)
TGTAAACATCCCCGACTGGAAGCTATCTCGTATGCCG	5697	0.11394	No Hit
TACAGTACTGTGATAACTGAAGATCTCGTATGCCGTC	5673	0.11345999999999999	No Hit
TGAGGTAGTAGGTTGTATAGTTAATCTCGTATGCCGT	5645	0.1129	No Hit
TGAGGTAGTAGGTTGTGTGGTTTATCTCGTATGCCGT	5630	0.1126	No Hit
CTAGACTGAAGCTCCTTGAGGAATCTCGTATGCCGTC	5429	0.10858000000000001	No Hit
TAGCTTATCAGACTGATGTTGACTTTCTCGTATGCCG	5321	0.10642	No Hit
TGAGGTAGGAGGTTGTATAGTTATCTCGTATGCCGTC	5263	0.10526	No Hit
>>END_MODULE
>>Kmer Content	fail
#Sequence	Count	Obs/Exp Overall	Obs/Exp Max	Max Obs/Exp Position
TGCCG	4937400	36.256176	568.28107	32
ATGCC	4834830	36.200294	579.84106	31
GCCGT	4545015	33.37483	568.0812	33
AAAAA	2916120	32.973076	129.25523	30
CAGAC	2528475	28.297518	873.157	9
ATCTC	4823315	24.635708	396.04938	24
TCTCG	4870255	24.396296	388.67328	25
TCGTA	4892540	24.3958	386.09695	27
CGTAT	4886995	24.36815	385.76364	28
CTCGT	4852750	24.308607	387.91666	26
TATGC	4843740	24.152468	385.75797	30
GTATG	4878845	23.749748	376.07553	29
ACTGA	2615250	19.49183	581.52246	12
GACTG	2661460	19.454145	570.3354	11
TCAGA	2565030	19.117537	582.9373	8
AGACT	2557975	19.064955	581.4168	10
ATCAG	2538270	18.91809	581.4332	7
CCGTC	2203585	16.57495	238.90436	33
ACATC	2161775	16.503979	478.1982	22
TGACA	2086730	15.552697	475.01984	20
GACAT	2026050	15.100441	465.22064	21
TGATG	2688855	13.0890875	379.4919	14
CTGAT	2596975	12.949364	389.03812	13
TATCA	2520250	12.813612	396.68036	6
CATCT	2481300	12.673561	337.8602	23
GCTTA	2512055	12.525926	388.75558	3
AGCTT	2477550	12.353872	388.69916	2
GTTGA	2526950	12.30095	378.1318	18
GATGT	2526330	12.297932	378.62216	15
TAGCT	2392555	11.930059	388.6544	1
TTGAC	2207380	11.006717	336.86218	19
TTATC	2963025	10.0787	265.4361	5
ATGTT	2611050	8.670531	258.21454	16
CTTAT	2521635	8.577316	265.409	4
TGTTG	2533745	8.251752	252.94624	17
CGTCT	1243170	6.227341	63.842403	33
GGTAG	720765	5.143364	114.04065	4
GAAAA	444995	4.9347134	96.49796	24
TGAAA	547910	4.064969	64.57117	23
AGGTA	549595	3.9989276	115.045395	3
TGAGG	522515	3.7286558	114.2061	1
GAGGT	501645	3.5797276	112.937645	2
AGTAG	487070	3.5439873	113.80944	7
GAATC	467100	3.4813633	52.079742	21
GATCT	688980	3.435479	31.172798	21
TTGAA	678805	3.3692584	43.196926	22
GTAGA	442610	3.2204902	35.822987	8
TCTGC	623790	3.1247163	48.071533	17
AATCT	612895	3.116119	40.916954	22
CCGAC	276805	3.1121113	53.04267	12
GTCTT	856195	2.8562396	29.497566	13
CTGCT	561115	2.8107617	44.786633	18
TATCT	800720	2.7236412	48.132046	22
TAGTA	531910	2.640143	76.71854	6
CTTGA	519690	2.5913439	43.800194	21
TCTTC	751520	2.5680368	30.221928	14
GTAGT	512010	2.4924154	75.212616	5
GTAGG	341295	2.4354737	73.07539	8
CTTCT	705820	2.4118738	30.489704	15
GCTTG	492720	2.409537	43.665695	20
TTCTG	690205	2.302502	33.8746	16
AGAAC	196190	2.1856225	43.376293	13
ATAGT	395345	1.9623005	59.94599	17
TATAG	394755	1.959372	59.807606	16
GTATA	389610	1.9338348	59.936108	15
GCATC	250510	1.875668	25.822945	22
CCGGG	169885	1.8287328	48.793255	9
GACGA	165885	1.8124168	9.133256	13
GGTTG	370365	1.7681729	50.867863	11
CGATC	236070	1.7675501	10.583639	21
TGCTT	528615	1.763443	29.76183	19
GCCGG	162770	1.7521433	48.80924	8
TAGAA	235900	1.7501528	31.259043	12
AGTTA	350875	1.7415731	53.879932	19
ACAGT	232515	1.7329676	13.918031	4
TGGAA	234990	1.7098192	26.772512	20
AGGTT	341060	1.6602473	51.16184	10
TAGGT	336065	1.6359321	49.552162	9
CGACG	148260	1.6272956	9.182477	12
TTGTA	476725	1.5830638	42.864697	13
AGATC	204495	1.5241306	17.623867	21
TGTAT	439475	1.4593675	41.6967	14
TCACA	190165	1.4518065	26.735718	18
AAACA	125200	1.4221644	37.962162	4
GAAGC	130080	1.4212207	32.055717	19
GGATC	191870	1.4024886	7.2620234	21
GTTAT	419715	1.3937504	41.611362	20
TGAAT	278925	1.384448	32.432117	20
TACAG	185450	1.3821855	8.401845	11
TAGAT	277980	1.3797575	24.086592	9
TGGCA	182730	1.335679	32.11157	3
ACGAT	176615	1.3163369	6.315217	14
AGCAG	118965	1.299781	22.779966	12
GGTAA	178595	1.2994815	39.33938	12
GGCAA	117245	1.2809888	38.611885	4
ACTGG	173875	1.2709526	24.07967	15
CAGCA	112800	1.2624053	23.271366	11
TAGTT	377170	1.252471	36.13787	18
GCAGG	116880	1.2524027	22.312885	13
CCCCG	110525	1.2483407	29.625532	10
GGAAT	170875	1.2433097	27.074987	21
AAGCA	110515	1.2311742	29.119785	20
CACTA	160415	1.2246814	12.965431	21
CTGCC	161965	1.21827	35.476112	6
GATGG	169480	1.2094057	35.361862	18
AACAT	157590	1.1976099	25.340542	5
AATGA	160360	1.1897182	34.88323	15
TGATC	236725	1.1803881	19.820503	20
AGCAT	157700	1.1753607	20.621634	21
GGAAG	109820	1.1713691	34.152157	18
AATAC	153200	1.164248	36.33638	2
ACTGC	153850	1.151936	35.387936	5
CACAC	99120	1.1362911	33.6419	19
GTTGT	348510	1.1350069	33.93564	12
GGGTA	158745	1.1328009	32.070103	11
GACCA	100560	1.1254208	18.38039	13
ACCAC	97280	1.1151978	19.512167	14
CCCGA	97140	1.0921423	29.532658	11
TCCGA	144145	1.079271	7.0792146	10
CGGGT	150230	1.0769651	32.07794	10
CTGGA	146905	1.0738133	24.120697	16
TGGTA	217980	1.0611058	20.532543	9
GAACT	141685	1.0559987	28.906626	14
ATGGA	144895	1.0542756	31.556103	19
CAGTC	139775	1.046551	8.199901	7
AGGAC	93460	1.02112	18.057425	11
GGACC	92415	1.0143433	18.039013	12
AGTCC	135410	1.0138685	7.223869	8
GTAAA	134725	0.99953085	24.859177	2
GTCCG	135175	0.99261326	6.974456	9
ATGAT	193455	0.9602166	24.311346	16
ATCCC	123980	0.9508702	23.513712	8
CAGGA	86745	0.9477535	22.758337	14
GCAAT	126960	0.9462511	26.766037	5
CTACA	123765	0.94487864	7.4942026	4
CACTG	124900	0.93517596	5.446296	4
CTCAC	120805	0.9265194	26.595362	17
AGGAA	82760	0.9000778	22.508886	15
AACTC	116820	0.8918573	26.743195	15
CTATC	172120	0.87912524	20.00873	23
ACTCA	112225	0.85677683	26.76715	16
AATGG	117710	0.856474	25.604485	7
GAACA	76480	0.85201293	22.609879	17
CAATG	113575	0.84649074	26.22737	6
GTAAT	170525	0.8464032	23.09203	13
CATCC	110265	0.8456823	25.515793	7
TACTG	168415	0.8397721	23.891996	4
GAAAT	112975	0.8381667	12.181095	2
AGTTC	166710	0.8312704	10.67564	7
GTATC	166335	0.82940054	9.621508	20
AGATT	164730	0.8176397	24.024721	10
TAGGA	112325	0.8172919	11.934338	10
CACAG	73010	0.8170939	19.38142	3
GATTG	167390	0.8148384	23.616554	11
TAAAC	106215	0.80718404	25.303562	3
ACACT	105625	0.8063896	18.441814	20
GGAAC	71400	0.7800981	22.176155	16
ATACT	151715	0.77135885	24.324375	3
TAATG	154160	0.76517534	23.097765	14
TAATA	150535	0.761858	24.190506	1
CGACC	67300	0.7566521	20.412443	13
CAATC	98220	0.7498564	10.127011	23
CACCC	65020	0.7488015	20.734812	1
ACCCG	66085	0.74299175	20.470335	2
GGCTA	101125	0.739181	12.15549	9
CTAGA	98310	0.7327185	9.498675	18
GAACC	64815	0.7253794	20.19732	9
ACTAG	97195	0.72440827	11.601271	17
AAATG	96545	0.7162717	12.1860695	3
AACCG	63350	0.7089838	20.086416	10
AGAAT	93605	0.6944598	5.4527993	12
ACTAT	136355	0.6932645	18.35018	22
AACAG	62025	0.6909793	17.36086	18
ATTGT	204895	0.6803962	16.06488	12
AGTGC	92670	0.6773785	13.428043	4
CCACT	88320	0.67737424	12.469528	15
CGACT	89780	0.6722186	19.882576	13
ACCGA	59915	0.67054087	20.115957	11
ACAGA	60120	0.66975695	11.141386	19
CTCAG	89265	0.66836256	15.505083	4
CAGTG	91340	0.6676567	12.141015	5
TCCCC	86295	0.6648852	20.172592	9
AAAAC	57935	0.65809184	7.226592	31
TGACT	131855	0.657472	15.634951	20
GACAA	57895	0.6449697	14.541499	21
GACCT	84865	0.635418	13.458042	14
ATGGT	128550	0.625769	17.17337	8
GGCTC	84200	0.6182951	15.263596	2
AAAAG	55390	0.61424005	9.14294	32
TGGCT	123300	0.6029712	10.290163	1
CCCGT	79845	0.60057896	13.692605	3
TGTAA	119865	0.5949516	16.73492	1
AAAGT	79160	0.58729166	13.694092	2
GCTCA	78375	0.5868248	15.628627	3
TTGGC	119645	0.5850972	18.18691	2
CAAAG	52030	0.5796316	16.609207	1
GCAGC	52680	0.5782135	11.784057	2
GTGCA	78855	0.5763967	13.930709	14
CAGGG	53190	0.569946	11.421608	13
GACTA	75870	0.56547	14.7256975	21
GGCAC	51195	0.5619142	9.718614	4
ACAAT	73200	0.55628556	9.908396	22
TCAGC	70935	0.5311186	15.590084	10
CCTTG	105070	0.52632123	9.650007	16
CAGAA	47205	0.5258795	5.050551	15
ATGGC	71715	0.5242063	5.2848926	2
TCTAC	102230	0.522153	5.004532	3
GCACT	68045	0.50948	8.458117	5
CCGTA	67725	0.507084	13.612654	4
AGTGG	70495	0.5030508	11.830301	6
CTGAA	67465	0.5028263	5.2058735	6
GTGGT	105120	0.50185716	11.780493	17
AGGGC	46165	0.49467114	11.382716	14
TTCAC	96440	0.49257976	8.516391	1
AAAGA	44030	0.48826486	6.8368125	15
TGTGG	101355	0.48388255	12.578357	16
TGCAG	65725	0.48042193	13.909001	15
ACAGG	43350	0.47363093	11.880262	12
TCAGT	93830	0.46786702	10.414818	5
TTAGG	95625	0.46549332	7.9497123	9
AAGTG	63545	0.46236205	13.822782	3
TTGAT	138445	0.45973524	12.559285	19
CTAAG	61255	0.4565423	12.352545	11
GCTGT	93270	0.4561161	5.903547	7
CAGAT	60830	0.45337468	6.8624086	20
CGTAG	61410	0.44888112	13.290468	5
GTGTG	93890	0.44824362	12.660257	15
CCCGG	40400	0.44546673	5.7162557	2
AGTAT	89735	0.44540092	6.306927	19
AATGT	88570	0.43961847	8.104443	4
GCTAA	58540	0.43630698	12.501326	10
GGGCT	60315	0.4323847	8.774334	15
GTGGC	59510	0.42661384	12.380312	7
TTTGG	129510	0.42178056	12.157836	1
CAACG	37480	0.41945875	6.714589	7
GAGGA	39290	0.41907746	6.2170014	18
GTGAA	57445	0.41797763	8.203001	1
CAGTT	83590	0.416807	10.314438	6
GGTTA	85425	0.41584074	10.38322	19
ATTCA	80470	0.40913057	5.609892	4
TGCTG	82675	0.40430364	7.336666	6
GTCGG	55970	0.40123633	7.867214	14
TTCAG	80195	0.3998784	10.377791	9
GTTCA	79015	0.39399454	10.358868	8
GTACA	52805	0.3935632	8.135022	10
TCGGT	80190	0.3921513	5.2586174	15
GCGAT	53165	0.38861364	9.477299	20
TGAAG	52825	0.38436186	5.132663	7
CAGGT	52530	0.38397205	10.991908	17
AACAC	33075	0.37743032	9.592961	2
CATTG	74060	0.3692873	5.4287376	6
TGCGA	49120	0.3590464	9.409768	19
AGCTC	47045	0.35224462	5.195459	10
TTGTG	106010	0.34524712	9.476684	13
GTTTA	103940	0.34515426	5.4065657	7
GAAGA	31385	0.34133568	5.127986	19
GTGCT	69550	0.3401188	9.135328	5
CTGTC	66925	0.33524367	5.4311714	12
TGCAT	66255	0.33036903	5.7378607	19
ACATT	64725	0.32907888	5.5995197	2
GCTAT	63870	0.31847665	5.328179	17
ATGAA	42910	0.31835124	6.8383565	20
AAGCT	42590	0.3174294	5.1050277	9
TGGTT	96560	0.31447095	7.559663	18
CGTGC	42420	0.31149733	8.830299	13
ACCTT	60405	0.30852634	9.155306	15
ACACA	26650	0.3041124	6.02061	20
CAAAA	26715	0.30345947	5.0954022	12
CGGTG	42295	0.30320334	7.6460605	16
GTTCG	61035	0.29847804	5.853217	10
CTTGC	59025	0.29567063	8.953342	17
AAGTT	59265	0.29416266	8.192759	13
TAAGT	58430	0.29001814	8.19849	12
TTTAG	87155	0.2894162	5.411497	8
TGTGT	88705	0.28888923	8.656244	14
AAAGC	23475	0.26151937	5.067092	14
TGTAC	52445	0.26150787	5.309434	9
AACGC	22255	0.24906763	6.7367496	8
TGACC	32835	0.2458487	5.3955855	20
GCTCC	32435	0.2439699	5.1870737	11
TAGAC	31760	0.23671183	5.231286	2
TCGTG	48130	0.23536903	5.8443427	12
CATTC	45755	0.23369958	5.6356807	3
GCATT	46740	0.2330609	5.3332953	5
CTGCA	30840	0.23091134	5.0917134	18
TAACA	30265	0.22999977	5.480046	1
TATGA	45445	0.22556691	5.2055492	19
CTATG	43380	0.21630682	5.2228928	18
TGTCG	41450	0.20270197	5.335262	13
TTGCG	41305	0.20199288	6.2703433	18
CCAAA	17135	0.19553344	5.0548115	11
CCCAA	16875	0.19345155	5.07237	10
>>END_MODULE
