##FastQC	0.10.1
>>Basic Statistics	pass
#Measure	Value	
Filename	SRR873384.fastq	
File type	Conventional base calls	
Encoding	Sanger / Illumina 1.9	
Total Sequences	5000000	
Filtered Sequences	0	
Sequence length	37	
%GC	43	
>>END_MODULE
>>Per base sequence quality	pass
#Base	Mean	Median	Lower Quartile	Upper Quartile	10th Percentile	90th Percentile
1	37.3450338	38.0	37.0	40.0	33.0	40.0
2	36.5794706	38.0	35.0	39.0	31.0	40.0
3	36.6524714	38.0	36.0	40.0	31.0	40.0
4	36.9113028	38.0	36.0	40.0	32.0	40.0
5	36.7814792	38.0	36.0	40.0	31.0	40.0
6	36.4067006	38.0	35.0	40.0	30.0	40.0
7	36.6915136	38.0	36.0	40.0	31.0	40.0
8	37.063808	38.0	36.0	40.0	32.0	40.0
9	37.023159	38.0	36.0	40.0	32.0	40.0
10	36.567112	38.0	35.0	40.0	31.0	40.0
11	37.0330844	38.0	36.0	40.0	33.0	40.0
12	36.5921658	38.0	35.0	40.0	31.0	40.0
13	37.1314946	38.0	36.0	40.0	33.0	40.0
14	37.1856426	38.0	36.0	40.0	33.0	40.0
15	36.9643394	38.0	36.0	40.0	32.0	40.0
16	36.8075172	38.0	36.0	40.0	31.0	40.0
17	37.121097	39.0	36.0	40.0	32.0	40.0
18	36.8343342	38.0	36.0	40.0	31.0	40.0
19	36.984901	39.0	36.0	40.0	32.0	40.0
20	36.9230488	39.0	36.0	40.0	31.0	40.0
21	36.6260766	38.0	36.0	40.0	30.0	40.0
22	36.3825508	38.0	35.0	40.0	30.0	40.0
23	36.1177174	38.0	35.0	40.0	29.0	40.0
24	35.9442998	38.0	35.0	40.0	29.0	40.0
25	36.0139692	38.0	35.0	40.0	29.0	40.0
26	35.3601306	38.0	35.0	40.0	26.0	40.0
27	34.7862264	38.0	34.0	40.0	23.0	40.0
28	34.6104578	38.0	33.0	40.0	23.0	40.0
29	34.4862674	38.0	33.0	39.0	23.0	40.0
30	34.1016332	38.0	32.0	39.0	22.0	40.0
31	33.0129008	36.0	31.0	38.0	20.0	40.0
32	33.4924142	37.0	31.0	39.0	21.0	40.0
33	33.2520254	37.0	31.0	39.0	21.0	40.0
34	33.5827778	38.0	31.0	39.0	22.0	40.0
35	31.814035	35.0	29.0	38.0	18.0	39.0
36	30.0006748	35.0	25.0	37.0	11.0	39.0
37	30.1087142	35.0	26.0	38.0	10.0	39.0
>>END_MODULE
>>Per sequence quality scores	pass
#Quality	Count
3	2.0
4	15.0
5	20.0
6	34.0
7	41.0
8	52.0
9	78.0
10	87.0
11	93.0
12	144.0
13	188.0
14	317.0
15	559.0
16	1198.0
17	2396.0
18	4175.0
19	7074.0
20	10261.0
21	14838.0
22	20620.0
23	28198.0
24	37704.0
25	54253.0
26	72472.0
27	94290.0
28	119791.0
29	142136.0
30	148374.0
31	162044.0
32	186992.0
33	224059.0
34	279503.0
35	365087.0
36	505386.0
37	682243.0
38	730230.0
39	1101187.0
40	3859.0
>>END_MODULE
>>Per base sequence content	fail
#Base	G	A	T	C
1	4.14876883386936	17.149883973820124	73.0237581036738	5.677589088636718
2	29.113136452545813	49.90953963815855	16.896647586590348	4.0806763227052905
3	50.24320496138122	27.107292988776972	5.238246860235949	17.411255189605868
4	24.809609619219238	11.358402716805434	16.791053582107164	47.040934081868166
5	25.8504	11.227139999999999	48.72006	14.2024
6	15.00594	6.524140000000001	64.94094	13.528979999999999
7	5.94048	65.84716	21.79246	6.4199
8	26.68432	15.908439999999999	49.08184	8.3254
9	8.126116625955408	3.965167270868154	40.02091435913971	47.88780174403673
10	20.997368398947362	61.2727045090818	9.100423640169456	8.62950345180138
11	65.85220000000001	7.29224	9.6775	17.178060000000002
12	18.01796	56.01926	10.16208	15.8007
13	22.84846	6.72344	24.48226	45.94584
14	9.8042	6.93718	76.14348	7.11514
15	65.2577	11.83348	5.08462	17.8242
16	9.96876	49.34762	33.238620000000004	7.445
17	10.716299999999999	21.22258	61.79523999999999	6.26588
18	48.58802	6.01278	25.08884	20.31036
19	6.636939999999999	24.63742	62.310739999999996	6.414899999999999
20	34.26891143542423	6.208568607905226	53.526998507149834	5.995521449520704
21	48.39986	6.58984	26.5762	18.4341
22	10.61874	49.32224	34.50728	5.551740000000001
23	5.77106	28.401880000000002	22.46304	43.36402
24	14.30078	46.50184	28.43228	10.7651
25	2.85898	16.05002	54.39174	26.699260000000002
26	3.12278	12.33686	33.42668	51.113679999999995
27	9.75498	12.1411	48.936	29.167920000000002
28	25.47260936939611	15.086274750621035	13.710007302994667	45.731108576988184
29	44.95399686605025	21.08565315889253	26.201564094552953	7.758785880504264
30	7.20940209831121	37.69949807339789	51.70432032897744	3.3867794993134637
31	7.345801551910186	58.532875834184225	30.042433012743903	4.078889601161682
32	23.50386544429608	21.037569574397104	46.47651731589437	8.982047665412454
33	45.09788311156016	16.660882381239954	8.449270749965445	29.79196375723444
34	10.902698335575996	15.698801444291732	4.919541204740615	68.47895901539167
35	23.60295784094494	16.85124001162589	9.029508198033	50.51629394939617
36	44.98590038593156	15.670585326519538	26.318879520263057	13.024634767285855
37	6.579915216991649	13.967391489171874	54.096428419251595	25.356264874584884
>>END_MODULE
>>Per base GC content	fail
#Base	%GC
1	9.826357922506078
2	33.193812775251104
3	67.65446015098708
4	71.8505437010874
5	40.0528
6	28.534920000000003
7	12.36038
8	35.00972
9	56.01391836999213
10	29.626871850748742
11	83.03026
12	33.81866
13	68.79429999999999
14	16.91934
15	83.08189999999999
16	17.41376
17	16.98218
18	68.89838
19	13.05184
20	40.26443288494493
21	66.83396
22	16.17048
23	49.135079999999995
24	25.06588
25	29.55824
26	54.236459999999994
27	38.9229
28	71.20371794638429
29	52.712782746554524
30	10.596181597624673
31	11.424691153071869
32	32.485913109708534
33	74.8898468687946
34	79.38165735096764
35	74.11925179034111
36	58.010535153217404
37	31.93618009157653
>>END_MODULE
>>Per sequence GC content	fail
#GC Content	Count
0	262.0
1	145.5
2	29.0
3	29.0
4	22.0
5	15.0
6	15.0
7	12.5
8	10.0
9	8.5
10	7.0
11	7.0
12	8.5
13	10.0
14	10.0
15	23.5
16	37.0
17	37.0
18	45.0
19	53.0
20	95.0
21	137.0
22	137.0
23	337.5
24	538.0
25	538.0
26	1806.0
27	3074.0
28	7921.0
29	12768.0
30	12768.0
31	205770.5
32	398773.0
33	398773.0
34	255612.5
35	112452.0
36	123332.0
37	134212.0
38	134212.0
39	354554.0
40	574896.0
41	574896.0
42	1530676.0
43	2486456.0
44	2486456.0
45	1506048.0
46	525640.0
47	399412.0
48	273184.0
49	273184.0
50	246717.5
51	220251.0
52	220251.0
53	173538.5
54	126826.0
55	93031.0
56	59236.0
57	59236.0
58	51083.0
59	42930.0
60	42930.0
61	28915.0
62	14900.0
63	14900.0
64	11260.5
65	7621.0
66	5074.0
67	2527.0
68	2527.0
69	1841.0
70	1155.0
71	1155.0
72	911.5
73	668.0
74	745.5
75	823.0
76	823.0
77	563.5
78	304.0
79	304.0
80	199.5
81	95.0
82	75.5
83	56.0
84	56.0
85	36.5
86	17.0
87	17.0
88	15.5
89	14.0
90	14.0
91	12.0
92	10.0
93	7.0
94	4.0
95	4.0
96	6.0
97	8.0
98	8.0
99	5.0
100	2.0
>>END_MODULE
>>Per base N content	pass
#Base	N-Count
1	0.04842
2	3.9999999999999996E-4
3	0.00204
4	1.9999999999999998E-4
5	0.0
6	0.0
7	0.0
8	0.0
9	0.01128
10	3.9999999999999996E-5
11	0.0
12	0.0
13	0.0
14	0.0
15	0.0
16	0.0
17	0.0
18	0.0
19	0.0
20	0.0033599999999999997
21	0.0
22	0.0
23	0.0
24	0.0
25	0.0
26	0.0
27	0.0
28	0.01362
29	0.01116
30	0.0053
31	0.0071
32	0.00632
33	0.01646
34	0.014660000000000001
35	0.01626
36	0.01854
37	0.02242
>>END_MODULE
>>Sequence Length Distribution	pass
#Length	Count
37	5000000.0
>>END_MODULE
>>Sequence Duplication Levels	fail
#Total Duplicate Percentage	96.8082355135378
#Duplication Level	Relative count
1	100.0
2	14.517118750435813
3	6.480719615089603
4	3.6671082909141623
5	2.3889547451363224
6	1.6993236175998885
7	1.2781535457778397
8	0.9601840875810613
9	0.7572693675475908
10++	7.711456662715292
>>END_MODULE
>>Overrepresented sequences	fail
#Sequence	Count	Percentage	Possible Source
TAGCTTATCAGACTGATGTTGACATCTCGTATGCCGT	1612141	32.24282	No Hit
ATCTCGTATGCCGTCTTCTGCTTGAAAAAAAAAAAAA	331821	6.63642	Illumina Single End Adapter 1 (95% over 24bp)
TGAGGTAGTAGGTTGTATAGTTATCTCGTATGCCGTC	314176	6.283519999999999	No Hit
TGAGGTAGTAGATTGTATAGTTATCTCGTATGCCGTC	289712	5.794239999999999	No Hit
TAGCTTATCAGACTGATGTTGAATCTCGTATGCCGTC	117690	2.3538	No Hit
TAATACTGCCGGGTAATGATGGAATCTCGTATGCCGT	84566	1.69132	No Hit
CGGATCTCGTATGCCGTCTTCTGCTTGAAAAAAAAAA	66294	1.32588	Illumina Paired End PCR Primer 2 (96% over 27bp)
AGCAGCATTGTACAGGGCTATGAATCTCGTATGCCGT	63041	1.26082	No Hit
TAGCTTATCAGACTGATGTTGACAATCTCGTATGCCG	54524	1.09048	No Hit
TAACACTGTCTGGTAAAGATGGCATCTCGTATGCCGT	54325	1.0865	No Hit
ATCTCGTATGCCGTCTTCTGCTTGAAAAAAAAAAAAT	49028	0.98056	Illumina Single End Adapter 1 (95% over 24bp)
TAGCTTATCAGACTGATGTTGATCTCGTATGCCGTCT	46730	0.9346	No Hit
TAGCTTATCAGACTGATGTTGACTATCTCGTATGCCG	40614	0.8122799999999999	No Hit
TGGCTCAGTTCAGCAGGAACAGATCTCGTATGCCGTC	36161	0.72322	No Hit
AGCTTATCAGACTGATGTTGACATCTCGTATGCCGTC	33678	0.6735599999999999	No Hit
TGAGGTAGTAGGTTGTATAGTATCTCGTATGCCGTCT	32275	0.6455	RNA PCR Primer, Index 44 (95% over 22bp)
ATCTCGTATGCCGTCTTCTGCTTGAAAAAAAAAAAAC	29560	0.5912	Illumina Single End Adapter 1 (95% over 24bp)
TGAGGTAGTAGGTTGTGTGGTTATCTCGTATGCCGTC	28340	0.5668000000000001	No Hit
TGAGGTAGTAGATTGTATAGTATCTCGTATGCCGTCT	24502	0.49004000000000003	RNA PCR Primer, Index 44 (95% over 22bp)
TGGCTCAGTTCAGCAGGAACAGTATCTCGTATGCCGT	22054	0.44108	No Hit
TAGCTTATCAGACTGATGTTGACCATCTCGTATGCCG	21714	0.43428	No Hit
TGAGGTAGTAGTTTGTACAGTTATCTCGTATGCCGTC	20105	0.4021	RNA PCR Primer, Index 5 (95% over 21bp)
TTCACAGTGGCTAAGTTCTGCATCTCGTATGCCGTCT	19540	0.3908	No Hit
TTTGGCAATGGTAGAACTCACACTATCTCGTATGCCG	19298	0.38595999999999997	No Hit
TCGGATCTCGTATGCCGTCTTCTGCTTGAAAAAAAAA	18010	0.3602	Illumina PCR Primer Index 9 (96% over 28bp)
TGAGGTAGGAGGTTGTATAGTTATCTCGTATGCCGTC	16404	0.32808	No Hit
TGAAATGTTTAGGACCACTAGATCTCGTATGCCGTCT	15106	0.30212	No Hit
TGTAAACATCCCCGACTGGAAGCATCTCGTATGCCGT	14366	0.28731999999999996	No Hit
CCGGATCTCGTATGCCGTCTTCTGCTTGAAAAAAAAA	13886	0.27772	RNA PCR Primer, Index 18 (96% over 28bp)
TGGATCTCGTATGCCGTCTTCTGCTTGAAAAAAAAAA	13176	0.26352	Illumina PCR Primer Index 2 (96% over 27bp)
TAAAGTGCTTATAGTGCAGGTAGATCTCGTATGCCGT	13123	0.26245999999999997	No Hit
CAAAGTGCTGTTCGTGCAGGTAGATCTCGTATGCCGT	13027	0.26054	No Hit
ATCTCGTATGCCGTCTTCTGCTTGAAAAAAAAAAAGT	12654	0.25308	Illumina Single End Adapter 1 (95% over 24bp)
CAACGGAATCCCAAAAGCAGCTGATCTCGTATGCCGT	12257	0.24514	No Hit
ATCTCGTATGCCGTCTTCTGCTTGAAAAAAAAAAAAG	11407	0.22813999999999998	Illumina Single End Adapter 1 (95% over 24bp)
AGAGGTAGTAGGTTGCATAGTTATCTCGTATGCCGTC	11234	0.22468000000000002	No Hit
TGAGGTAGTAGGTTGTATAGTTAATCTCGTATGCCGT	11002	0.22003999999999999	No Hit
GTGAAATGTTTAGGACCACTAGATCTCGTATGCCGTC	10959	0.21917999999999999	No Hit
TGAGGTAGTAGATTGTATAGTTAATCTCGTATGCCGT	10754	0.21508	No Hit
TTCACAGTGGCTAAGTTCCGCATCTCGTATGCCGTCT	8975	0.1795	RNA PCR Primer, Index 18 (95% over 22bp)
TGAGGTAGTAGGTTGTATGGTTATCTCGTATGCCGTC	8944	0.17887999999999998	No Hit
TGGCTCAGTTCAGCAGGAACATCTCGTATGCCGTCTT	8432	0.16864	RNA PCR Primer, Index 7 (95% over 21bp)
TAATACTGCCGGGTAATGATGGATCTCGTATGCCGTC	8275	0.1655	No Hit
GCTTATCAGACTGATGTTGACATCTCGTATGCCGTCT	7876	0.15752	No Hit
TGAGGTAGTAGGTTGTGTGGTATCTCGTATGCCGTCT	7837	0.15674	No Hit
AACATTCAACGCTGTCGGTGAGTATCTCGTATGCCGT	7681	0.15362	No Hit
TGTAAACATCCTTGACTGGAAGCATCTCGTATGCCGT	7002	0.14004	No Hit
ATCTCGTATGCCGTCTTCTGCTTGAAAAAAAAACAGT	6779	0.13558	Illumina Single End Adapter 1 (95% over 24bp)
TGCATCTCGTATGCCGTCTTCTGCTTGAAAAAAAAAA	6152	0.12304	Illumina PCR Primer Index 2 (96% over 27bp)
CACCCGTAGAACCGACCTTGCGATCTCGTATGCCGTC	6059	0.12118000000000001	No Hit
ATCTCGTATGCCGTCTTCTGCTTGAAAAAAAAAAAGA	5999	0.11998	Illumina Single End Adapter 1 (95% over 24bp)
TAAAGTGCTGACAGTGCAGATAATCTCGTATGCCGTC	5904	0.11808	Illumina PCR Primer Index 7 (95% over 21bp)
CGGAATCTCGTATGCCGTCTTCTGCTTGAAAAAAAAA	5826	0.11651999999999998	RNA PCR Primer, Index 40 (96% over 28bp)
ATCTCGTATGCCGTCTTCTGCTTGAAAAAAAAACAAT	5568	0.11136	Illumina Single End Adapter 1 (95% over 24bp)
GGCATCTCGTATGCCGTCTTCTGCTTGAAAAAAAAAA	5490	0.10980000000000001	Illumina PCR Primer Index 3 (100% over 27bp)
AGCAGCATTGTACAGGGCTATGATCTCGTATGCCGTC	5461	0.10922	No Hit
AAAAATTTCGGTTGGGATCTCGTATGCCGTCTTCTGC	5448	0.10896	RNA PCR Primer, Index 34 (96% over 25bp)
ATCTCGTATGCCGTCTTCTGCTTGAAAAAAAAACAAA	5435	0.1087	Illumina Single End Adapter 1 (95% over 24bp)
TTTGGCACTAGCACATTTTTGCTATCTCGTATGCCGT	5426	0.10851999999999999	No Hit
TGGCTCAGTTCAGCAGGAACAATCTCGTATGCCGTCT	5261	0.10522000000000001	Illumina PCR Primer Index 4 (95% over 21bp)
TGAGGTAGTAGGTTGTATAGTTTATCTCGTATGCCGT	5244	0.10487999999999999	No Hit
TCGTATGCCGTCTTCTGCTTGAAAAAAAAAAAAAAAA	5168	0.10336	Illumina Single End Adapter 1 (100% over 21bp)
TTCACAGTGGCTAAGTTCTGATCTCGTATGCCGTCTT	5125	0.10250000000000001	Illumina PCR Primer Index 9 (95% over 21bp)
TAACACTGTCTGGTAAAGATGGATCTCGTATGCCGTC	5122	0.10244	No Hit
TGGAATCTCGTATGCCGTCTTCTGCTTGAAAAAAAAA	5113	0.10226	Illumina PCR Primer Index 8 (96% over 28bp)
AAAATTTCGGTTGGGATCTCGTATGCCGTCTTCTGCT	5037	0.10074000000000001	Illumina PCR Primer Index 5 (96% over 25bp)
>>END_MODULE
>>Kmer Content	fail
#Sequence	Count	Obs/Exp Overall	Obs/Exp Max	Max Obs/Exp Position
AAAAA	5954475	50.13536	204.34315	29
TGCCG	4949680	41.255238	581.4735	32
ATGCC	4872165	39.07345	558.2726	31
GCCGT	4619450	38.502785	581.2781	33
TCTCG	4894500	27.847694	397.35706	25
CTCGT	4887900	27.810146	397.0494	26
ATCTC	4863725	26.62611	382.49292	24
TCGTA	4912645	24.592258	348.9465	27
CGTAT	4908905	24.573536	348.567	28
TATGC	4887365	24.465708	349.1735	30
CAGAC	2099030	23.727785	757.1953	9
CCGTC	2514520	22.919899	328.75616	33
GTATG	4903155	22.444141	318.58148	29
GACTG	2145640	15.734788	491.38995	11
ACTGA	2140955	15.106692	472.82816	12
AGACT	2123875	14.986176	472.5632	10
TCAGA	2121670	14.970616	473.01923	8
ATCAG	2107440	14.870209	472.58612	7
ACATC	1797045	13.866808	425.03165	22
TGACA	1831200	12.921045	406.2361	20
GACAT	1753590	12.373425	392.37796	21
CATCT	2053845	11.243625	316.90704	23
CTGAT	2146395	10.744659	335.53998	13
GCTTA	2115645	10.590728	335.24506	3
AGCTT	2087250	10.448585	335.20804	2
TAGCT	2046190	10.243044	335.18246	1
TGATG	2225800	10.188577	306.5894	14
TATCA	2099020	10.110146	322.66663	6
TTATC	2887560	9.86718	228.92545	5
GTTGA	2117985	9.695053	305.9119	18
GATGT	2108730	9.652688	306.40506	15
TTGAC	1917565	9.599156	304.2919	19
CGTCT	1418955	8.073271	95.48962	12
CTTAT	2122470	7.252764	228.89268	4
GAAAA	827230	7.238843	146.48407	24
TGTTG	2114755	6.8676567	217.01494	17
ATGTT	2143875	6.698936	209.11955	16
GGTAG	973240	6.52632	190.1919	4
GAGGT	897675	6.0195985	189.96353	2
TGAGG	881855	5.9135137	190.58603	1
AGGTA	907295	5.854027	182.64293	3
TCTGC	1016880	5.7856297	100.21445	17
AGTAG	852365	5.4996085	177.93863	7
TGAAA	880525	5.4664545	103.92892	23
CTGCT	951380	5.4129615	96.22957	18
GCTTG	884615	4.602349	87.75017	20
TTGAA	995300	4.383683	73.73007	22
CTTGA	875545	4.3828993	83.9905	21
TCTTC	1083805	4.209311	65.17991	14
CTTCT	1061125	4.121226	65.52849	15
GTCTT	1147690	4.0759497	59.600452	13
GTAGT	885455	4.053161	125.31907	5
TAGTA	918850	4.0469685	120.558235	6
TATCT	1105610	3.7780173	85.3605	22
TTCTG	1056800	3.7531593	63.539948	16
ATAGT	787380	3.4679239	110.68332	17
TATAG	775385	3.415093	108.99814	16
GTAGG	501035	3.3598235	100.9068	8
GTATA	762270	3.35733	109.03973	15
TGCTT	926265	3.2895725	59.88479	19
GAATC	453945	3.2030602	39.911366	22
AGTTA	713600	3.1429682	102.07362	19
AATCT	651470	3.1378725	34.845272	23
GTAGA	467790	3.0182636	73.04516	8
GATCT	573565	2.8712146	17.118383	22
TTGTA	903770	2.8239968	81.55138	13
GGTTG	536835	2.5539382	76.25668	11
TGTAT	807895	2.5244179	78.94747	14
GTTAT	750015	2.3435612	74.024	20
TAGTT	747425	2.3354683	71.611275	18
AGGTT	497580	2.2776668	72.84735	10
TAGGT	470095	2.151855	68.778275	9
CAGCA	178515	2.0179632	30.468716	11
AGCAG	190250	1.9665616	27.87305	12
GGATC	262960	1.928385	21.560848	2
TAGAT	423250	1.8641555	49.7865	9
GCATC	224505	1.8004694	22.86768	22
GATTG	357385	1.6359259	51.943684	11
GTTGT	492505	1.5994076	50.411613	12
AGATT	355300	1.5648775	49.931435	10
GCCGG	117675	1.4368358	41.128468	8
CCGGG	115985	1.4162008	41.164734	9
GCAGG	126820	1.3624257	28.963226	13
ATTGT	435325	1.3602538	35.401608	12
GATGG	188130	1.2615557	36.84477	18
GGTAA	194880	1.2574002	38.78114	12
GCAGC	104075	1.2227204	29.106441	2
CAGGA	108825	1.1248938	27.809948	14
TGAAT	255355	1.1246815	19.757664	20
GGAAT	173465	1.1192266	19.210135	21
CTGCC	122665	1.1180938	32.573727	6
AAAAC	113675	1.0878361	12.898409	30
AGATC	153970	1.0864205	13.250238	21
CAGGG	99685	1.0709147	26.42334	13
GGCTA	139320	1.0216862	18.025578	16
TGGAA	157525	1.0163791	19.138361	20
AGGGC	94010	1.0099484	26.371943	14
GTATC	199595	0.9991547	14.917844	20
CGGAT	135395	0.9929026	17.22286	1
GGAAC	95525	0.98741543	27.48169	16
ACAGT	139845	0.98675376	9.597207	4
TGGCA	133625	0.97992265	14.461116	20
GAACA	97390	0.96862364	26.384987	17
ACTGC	117475	0.94211775	28.705847	5
AGCAT	133145	0.9394782	17.543657	4
AGGAA	102430	0.9315629	24.534239	15
CACTG	114575	0.9188605	19.148434	4
AACAG	90550	0.90059423	21.535952	18
TACAG	126740	0.8942842	17.519138	11
AACAC	82040	0.89232296	27.048939	2
ACAGG	85235	0.8810506	25.519598	12
AAACA	90740	0.868355	12.061706	31
CGGGT	113610	0.8658901	25.448225	10
GGCTC	103300	0.8609982	22.522516	2
GCTCA	104275	0.83625734	21.662785	3
TCACA	107980	0.83322227	12.980801	2
CAATC	107660	0.830753	15.442642	23
ACACT	107455	0.8291711	18.322786	3
GGGCT	106170	0.80918545	20.068846	15
AATAC	119105	0.8086298	25.118109	2
CTCAG	100420	0.8053413	21.5539	4
GGGTA	117415	0.78735745	22.425665	11
AATGA	125765	0.7807713	22.019394	15
AAAGA	88855	0.7775436	19.688152	15
TGGTA	168915	0.7732066	12.340968	11
ATGGA	119000	0.767809	22.238312	19
GTACA	108400	0.76487625	17.457458	10
GACAA	74170	0.7376816	19.474283	21
GTAAA	118760	0.737283	14.924392	13
GACCA	64785	0.7323404	8.623819	21
GGCAT	98795	0.7245011	14.442505	21
AGAAC	72810	0.7241553	14.41865	13
TCAGC	88605	0.71058816	21.601465	10
TGGCT	135690	0.70594853	14.09432	1
AGTTC	140370	0.7026795	13.550356	7
TGATC	135865	0.680128	9.867317	20
ATGGC	91900	0.6739375	14.803528	19
AAAAT	112250	0.67051446	10.089351	33
CACAG	59300	0.6703371	15.6105	3
CTATC	120065	0.6572871	12.8868	23
TACTG	127805	0.6397803	18.563778	4
ATGAT	145145	0.6392743	15.803805	16
ACAGA	63505	0.63160944	13.532992	19
AGTGC	84150	0.61710376	10.428118	4
GTAAT	138805	0.61135054	15.546063	13
CAGTT	121560	0.60851836	13.480146	6
TAAAG	96905	0.6016033	13.82332	14
ATCCC	67890	0.595417	10.837541	8
CTGTC	104610	0.59518796	14.329819	6
ACAAT	87275	0.59252894	13.283454	22
CACTA	76615	0.59119576	5.502316	21
CTGGT	112075	0.5830878	14.017	10
ATACT	117975	0.56823874	17.836649	3
AAAAG	64455	0.5640265	6.207969	32
ACCAC	44375	0.5485707	8.347938	14
GCTAT	109270	0.54699576	12.302966	17
TGTAC	108890	0.54509354	12.3345	9
CAGTG	74130	0.54362327	9.975462	5
TAACA	79175	0.53753626	16.1959	1
AAGAT	86200	0.5351448	13.973309	16
CCGAC	41335	0.5310732	13.040554	12
TAGAA	84885	0.52698106	9.412887	12
AGTAT	118715	0.5228664	10.246167	19
TCAGT	103920	0.52021414	13.466093	5
CCATC	59040	0.5177997	6.829685	23
TAATG	116265	0.5120757	15.506097	14
AAGCA	51185	0.50907695	7.622257	20
CATTG	101095	0.50607246	12.391494	6
ATGAA	81330	0.504911	13.5871525	20
ACTGG	68825	0.50471973	7.600554	15
TAATA	118950	0.50408924	15.711229	1
GTCTG	96885	0.50405943	13.178117	8
TAGGA	77715	0.50143087	5.7149205	6
AACAT	73480	0.49887168	7.284915	5
CTGGA	67830	0.49742305	7.5596595	16
GGACC	42295	0.4969009	7.733871	12
AGATG	76825	0.49568838	14.608727	17
GTGCA	66835	0.49012634	10.757168	14
GTTCA	97760	0.48937774	13.554487	8
GGAAG	51355	0.48541135	9.498892	18
GAAGC	45860	0.47404212	9.6238785	19
GGCAA	45720	0.47259498	12.25164	4
CAGAT	66935	0.47229692	8.836103	20
TCTGG	90635	0.47154284	13.081969	9
ACTGT	94030	0.4707057	12.626888	5
TTCAG	92040	0.46074393	13.482626	9
AGGAC	44455	0.459519	6.949503	11
CGGAA	44370	0.45864034	6.016673	4
CACAC	36630	0.45282578	12.9292145	19
CCCCG	30650	0.44757396	10.21272	10
CTCAC	50345	0.44154176	10.198551	17
CTATG	86515	0.43308628	12.144389	18
GCATT	85395	0.42747962	12.3510065	5
GAACT	60410	0.42625618	10.20252	14
AACAA	44490	0.42575616	7.7775717	32
GACTA	58910	0.4156721	10.027899	21
TGACT	82675	0.41386363	10.175387	20
TGCAG	56380	0.4134559	10.7874155	15
GGAGG	41005	0.40281558	8.55196	8
ACTAT	83500	0.40218633	10.227339	22
AAAGT	64185	0.39847177	8.840549	2
GCAAT	55810	0.39379832	8.690095	5
GTGGC	51540	0.39281735	10.679421	7
AGGAG	41035	0.38786593	8.205158	7
CCGGA	32985	0.38752282	6.384076	1
GGCAC	31940	0.37524563	6.7531114	4
TATGA	84445	0.37192822	10.587707	19
AGTGG	55425	0.37166703	9.143871	6
CAAAA	38345	0.3669503	5.200743	12
CTAAG	51675	0.36462155	9.64839	11
TAATC	74630	0.3594631	5.414848	22
GCTAA	50495	0.3562954	9.678667	10
TTCAC	64700	0.35419548	7.559865	1
CAACG	31230	0.35302916	6.150115	1
CCACT	39975	0.35059354	5.718415	15
CATCC	39210	0.34388423	9.500395	7
CCCGA	26730	0.34342778	8.875293	11
TCGGA	46810	0.34327543	5.0525885	1
AACTC	43785	0.33786476	9.106448	15
TGACC	41125	0.32981142	8.989643	20
AGAGG	34705	0.32803428	5.145591	1
ACCAT	42250	0.32602	5.8982487	22
GTGCT	62100	0.323085	7.497724	5
ACTCA	41370	0.31922954	9.088916	16
TGTCT	89665	0.31843966	8.990373	7
CAGTA	44060	0.31088972	5.923332	20
CAGGT	42355	0.3106052	8.165834	17
AAGTG	47930	0.3092528	9.240145	3
CAATG	42550	0.30023506	8.39438	6
AAAGC	29995	0.29832494	5.367407	14
GTGGT	62580	0.29771802	7.3790545	17
TGTGG	62445	0.29707575	7.6129613	16
TCCCC	29575	0.2948072	6.9886217	9
GCACT	36580	0.29336172	5.680828	5
CAAAG	29355	0.2919596	7.50921	1
CTGCA	36405	0.29195827	5.9926543	18
ACGGA	27325	0.2824509	5.8974004	3
AATGG	43465	0.28044385	7.6536074	7
AATCC	35655	0.27513003	5.062388	7
ATGGT	59880	0.2741001	5.5620213	8
GGTTA	59850	0.27396274	6.6868877	19
GTGTG	57440	0.27326497	7.6205664	15
TTGGC	52355	0.2723851	7.4352818	2
AACGG	24675	0.25505865	5.858194	2
TAAAC	35610	0.24176404	7.2842746	3
TTGTG	74055	0.24049322	6.575707	13
CCAAA	22000	0.239287	5.860786	11
CCCAA	19320	0.23883688	6.63879	10
CGACT	28915	0.23189048	5.705343	13
TTGAT	74185	0.23180477	5.6621895	19
AAGTT	50165	0.22094592	6.0254254	13
TAAGT	49995	0.22019719	6.0108924	12
TGGTT	63845	0.20733632	5.116389	18
GTTAA	40085	0.17654973	5.0046353	20
TGTGT	53835	0.17482889	5.2437425	14
>>END_MODULE
